0.236120462418  0.227495580912  -0.074970699847  0.087531641126  -0.486910641193  0.222472235560  0.598660171032  0.180091977119  

0.327583283186  0.083818860352  0.245401442051  0.068101562560  -0.635783314705  -0.163920715451  0.450071156025  0.189466208220  

0.518899559975  -0.336933910847  -0.147116020322  -0.094496034086  -0.557754695415  -0.488650679588  0.686257421970  0.354724198580  


0.081051953137  0.341570883989  -0.136522889137  0.049540199339  0.240424647927  0.220792517066  0.627363681793  0.381598263979  

-0.031698506325  -0.023301476613  -0.083818338811  -0.042677517980  0.097974225879  -0.185291051865  0.567099213600  0.557375371456  

0.181312784553  -0.289435774088  -0.310579806566  -0.217046931386  0.236569538713  -0.273840546608  0.598501443863  0.709170520306  


-0.447556972504  0.397122532129  -0.438614726067  -0.322554826736  0.308202058077  -0.082627788186  0.475510627031  0.394942522049  

-0.560375571251  -0.112174257636  -0.308037340641  -0.266110777855  0.363520741463  -0.380037337542  0.573431134224  0.506221592426  

-0.476643204689  -0.124792359769  -0.033390082419  -0.231070101261  0.305545717478  -0.271907716990  0.501141369343  0.462145715952  


