0.226917251945  -0.142191588879  0.209553554654  0.112979315221  
0.109976209700  -0.087588109076  0.073251098394  0.051044646651  
0.087383188307  -0.230920433998  -0.171252116561  0.123653411865  
0.175804555416  -0.127645000815  -0.109751939774  0.067714311182  
-0.142298758030  -0.311815828085  0.307068616152  -0.156919315457  
0.129913523793  0.069529190660  -0.188206091523  0.204546287656  
0.331847816706  0.357548266649  0.231197953224  -0.137382358313  
0.206413269043  0.188022181392  0.166783615947  -0.105719730258  

0.224779397249  -0.158643811941  0.125533789396  -0.154143422842  
-0.166889354587  0.284738600254  -0.057404108346  0.155699074268  
-0.018003650010  0.143142893910  -0.255302429199  0.209515169263  
-0.087417997420  0.026322251186  -0.329346597195  0.095817916095  
0.221742123365  -0.703556478024  0.366331756115  0.025999309495  
-0.056561235338  0.142419680953  -0.158573269844  0.125341162086  
0.323428332806  0.226228222251  0.177331015468  -0.318848311901  
0.222611352801  0.046450067312  0.345200479031  -0.310175299644  

0.315504163504  0.027470767498  0.317495167255  -0.032724089921  
-0.171954825521  0.227755650878  0.257981181145  -0.356807202101  
0.061612043530  0.097283743322  -0.115633741021  0.150221854448  
0.013780588284  -0.010093779303  -0.001978057437  0.307287752628  
0.266851752996  -0.281608223915  0.376760005951  0.313842922449  
-0.218028828502  0.115508221090  -0.142981037498  0.248380064964  
0.235730737448  -0.163513317704  0.140488341451  -0.030527127907  
0.294391065836  -0.226405322552  0.306151688099  -0.142738014460  


0.269234687090  -0.232612654567  0.402952432632  -0.060535356402  
-0.343234390020  0.379963576794  -0.141786903143  0.003905696329  
0.167102620006  -0.033436335623  -0.187406048179  0.208350628614  
0.116895355284  0.075608983636  0.049381472170  0.075984440744  
-0.428636878729  -0.458606958389  0.029145339504  0.148166343570  
-0.075204849243  0.257785260677  -0.244604021311  0.070237211883  
-0.014138255268  0.339163959026  0.164090290666  -0.224313676357  
-0.171676516533  0.257430315018  0.134176537395  -0.134281918406  

0.394114851952  -0.128158062696  0.286984294653  -0.079238049686  
-0.194400429726  0.307640701532  -0.198581576347  -0.048030175269  
0.005075335503  0.048437267542  -0.190651327372  0.221545502543  
0.067573294044  0.088845729828  -0.222771197557  0.120919160545  
0.085538715124  -0.343424975872  0.168755397201  0.091404378414  
-0.101757399738  0.259705066681  -0.245205119252  0.070820406079  
0.042742244899  0.048714421690  0.109590552747  -0.234888270497  
0.135620355606  0.016455564648  0.113051027060  -0.127587065101  

0.275569111109  -0.108131475747  0.234893351793  -0.189461380243  
-0.282365828753  0.008504264057  -0.039617206901  -0.118493251503  
0.345790326595  0.216432034969  -0.128303110600  0.071345761418  
0.241480737925  0.292698532343  -0.079408884048  -0.124309301376  
-0.073381185532  -0.103164806962  0.342570126057  0.280048727989  
0.034999988973  0.192213281989  -0.288771808147  -0.125101163983  
-0.084811650217  -0.335573405027  0.181472763419  0.104465708137  
-0.142519459128  -0.130207076669  0.214480713010  0.263406932354  


0.031192019582  -0.170969009399  0.163898900151  -0.204836323857  
-0.017111482099  0.418325215578  0.202322781086  0.187106251717  
0.291048079729  -0.144685596228  -0.044167954475  0.025042640045  
0.110571086407  -0.135512307286  0.197424113750  0.076062142849  
0.380404323339  -0.407676607370  -0.153275296092  0.275242686272  
0.198471993208  0.311961263418  0.237880542874  0.156290575862  
-0.435177296400  0.260345757008  -0.191803053021  0.084371276200  
-0.415730267763  0.080811075866  -0.134627074003  0.157501414418  

0.057147242129  -0.081508293748  0.198825299740  -0.351017773151  
-0.135064601898  0.239019453526  -0.141571611166  0.104435965419  
0.430817186832  0.074011504650  -0.008366120048  0.086654044688  
0.245264708996  0.172738403082  0.189139053226  0.010402610525  
0.101859606802  -0.408176869154  -0.037175841630  0.406398564577  
0.227703377604  0.138465628028  0.196229979396  -0.096820734441  
-0.320313066244  -0.038648180664  -0.036822162569  0.084380678833  
-0.249412193894  -0.149062827229  -0.113648124039  0.283250570297  

-0.114908002317  0.124715536833  0.392358988523  0.026026200503  
-0.168885409832  0.058573607355  -0.109442763031  -0.075482867658  
0.322015821934  0.118780471385  -0.158660560846  0.062104225159  
0.103032127023  0.112540110946  -0.146412834525  0.056426052004  
0.099549368024  -0.044487643987  0.092784725130  0.282771706581  
0.180304810405  0.105114683509  -0.107776425779  0.070528909564  
-0.364038348198  -0.118702173233  0.121401324868  0.145164892077  
-0.356488198042  -0.056492794305  0.090525038540  0.249403402209  


