[[[[2.33162567e-01 1.33110419e-01 4.74366844e-01 5.30206501e-01]
   [2.96506584e-01 1.09434128e-01 6.59077764e-01 7.56896317e-01]
   [2.96506584e-01 1.09434128e-01 6.59077764e-01 7.56896317e-01]
   [2.96506584e-01 1.09434128e-01 6.59077764e-01 7.56896317e-01]
   [2.96506584e-01 1.09434128e-01 6.59077764e-01 7.56896317e-01]
   [2.96506584e-01 1.09434128e-01 6.59077764e-01 7.56896317e-01]
   [2.96506584e-01 1.09434128e-01 6.59077764e-01 7.56896317e-01]
   [2.96506584e-01 1.09434128e-01 6.59077764e-01 7.56896317e-01]
   [2.96506584e-01 1.09434128e-01 6.59077764e-01 7.56896317e-01]
   [2.96506584e-01 1.09434128e-01 6.59077764e-01 7.56896317e-01]
   [2.96506584e-01 1.09434128e-01 6.59077764e-01 7.56896317e-01]
   [2.96506584e-01 1.09434128e-01 6.59077764e-01 7.56896317e-01]
   [2.96506584e-01 1.09434128e-01 6.59077764e-01 7.56896317e-01]
   [2.17364207e-01 4.27638330e-02 5.45311749e-01 4.96766210e-01]]

  [[3.50452304e-01 1.10355407e-01 8.62512589e-01 8.52755725e-01]
   [5.14989376e-01 1.81471288e-01 1.22667933e+00 1.16713214e+00]
   [5.14989376e-01 1.81471288e-01 1.22667933e+00 1.16713214e+00]
   [5.14989376e-01 1.81471288e-01 1.22667933e+00 1.16713214e+00]
   [8.19499552e-01 2.85514802e-01 8.33948135e-01 1.06808591e+00]
   [2.11678624e+00 1.02089739e+00 0.00000000e+00 2.47558787e-01]
   [3.71919060e+00 3.11135101e+00 0.00000000e+00 0.00000000e+00]
   [4.51725483e+00 5.44818687e+00 0.00000000e+00 0.00000000e+00]
   [4.28943110e+00 6.11481333e+00 0.00000000e+00 0.00000000e+00]
   [2.40222931e+00 4.74171686e+00 0.00000000e+00 0.00000000e+00]
   [1.10696220e+00 2.20308924e+00 0.00000000e+00 5.26841432e-02]
   [6.16649210e-01 4.58519578e-01 6.93830729e-01 1.11683846e+00]
   [5.14989376e-01 1.81471288e-01 1.22667933e+00 1.16713214e+00]
   [3.15753639e-01 1.57070711e-01 8.99106026e-01 7.14833915e-01]]

  [[3.50452304e-01 1.10355407e-01 8.62512589e-01 8.52755725e-01]
   [5.14989376e-01 1.81471288e-01 1.22667933e+00 1.16713214e+00]
   [5.14989376e-01 1.81471288e-01 1.22667933e+00 1.16713214e+00]
   [1.17441368e+00 4.24265444e-01 3.82255167e-01 9.36067641e-01]
   [3.53904557e+00 2.30277586e+00 0.00000000e+00 0.00000000e+00]
   [5.69236851e+00 6.65544128e+00 0.00000000e+00 0.00000000e+00]
   [7.44888210e+00 1.03426743e+01 0.00000000e+00 0.00000000e+00]
   [8.68830109e+00 1.10789194e+01 0.00000000e+00 0.00000000e+00]
   [9.13443756e+00 9.72599792e+00 0.00000000e+00 0.00000000e+00]
   [7.44572306e+00 6.99008274e+00 0.00000000e+00 0.00000000e+00]
   [3.49475026e+00 3.15943885e+00 0.00000000e+00 1.97597831e-01]
   [1.19586837e+00 9.66606975e-01 0.00000000e+00 1.31200480e+00]
   [5.14989376e-01 1.81471288e-01 1.22667933e+00 1.16713214e+00]
   [3.15753639e-01 1.57070711e-01 8.99106026e-01 7.14833915e-01]]

  [[3.50452304e-01 1.10355407e-01 8.62512589e-01 8.52755725e-01]
   [5.14989376e-01 1.81471288e-01 1.22667933e+00 1.16713214e+00]
   [5.14989376e-01 1.81471288e-01 1.22667933e+00 1.16713214e+00]
   [1.85244071e+00 1.06425107e+00 0.00000000e+00 8.31124246e-01]
   [5.13785648e+00 5.61001492e+00 0.00000000e+00 0.00000000e+00]
   [7.75108910e+00 1.10288734e+01 0.00000000e+00 0.00000000e+00]
   [9.44023228e+00 1.21968365e+01 0.00000000e+00 3.99591303e+00]
   [1.02275867e+01 1.09700546e+01 0.00000000e+00 8.50515842e+00]
   [1.26601944e+01 1.06965590e+01 0.00000000e+00 8.64995766e+00]
   [1.29698305e+01 1.09110098e+01 0.00000000e+00 3.22995234e+00]
   [8.47074890e+00 6.74822474e+00 0.00000000e+00 1.30970931e+00]
   [2.97219658e+00 1.18486166e+00 0.00000000e+00 2.26995492e+00]
   [5.70730925e-01 2.82209486e-01 1.00153518e+00 1.16480470e+00]
   [3.15753639e-01 1.57070711e-01 8.99106026e-01 7.14833915e-01]]

  [[3.50452304e-01 1.10355407e-01 8.62512589e-01 8.52755725e-01]
   [5.14989376e-01 1.81471288e-01 1.22667933e+00 1.16713214e+00]
   [5.14989376e-01 1.81471288e-01 1.22667933e+00 1.16713214e+00]
   [1.04018307e+00 1.36969745e+00 8.16224098e-01 2.31886363e+00]
   [2.46853995e+00 5.33026171e+00 2.08062267e+00 5.99726009e+00]
   [6.56991291e+00 8.57125092e+00 4.02606392e+00 9.83042431e+00]
   [1.21401348e+01 1.00381060e+01 4.64680338e+00 1.16239367e+01]
   [1.39550095e+01 1.10176888e+01 5.62865973e+00 9.83870602e+00]
   [1.38750076e+01 1.33830385e+01 1.95739865e+00 7.54108715e+00]
   [1.33822002e+01 1.60999908e+01 0.00000000e+00 3.00900578e+00]
   [1.07762041e+01 9.62932777e+00 0.00000000e+00 2.28355956e+00]
   [5.32193947e+00 2.14228392e+00 0.00000000e+00 3.42050242e+00]
   [7.10092068e-01 1.16058618e-01 1.04610062e+00 1.38506675e+00]
   [3.15753639e-01 1.57070711e-01 8.99106026e-01 7.14833915e-01]]

  [[3.50452304e-01 1.10355407e-01 8.62512589e-01 8.52755725e-01]
   [5.14989376e-01 1.81471288e-01 1.22667933e+00 1.16713214e+00]
   [5.14989376e-01 1.81471288e-01 1.22667933e+00 1.16713214e+00]
   [4.76142585e-01 7.60723114e-01 2.82647228e+00 3.26441145e+00]
   [3.15310788e+00 3.27895284e+00 4.91232109e+00 6.77490425e+00]
   [8.47915936e+00 8.47781086e+00 4.91199255e+00 6.67178011e+00]
   [1.31185827e+01 1.41816950e+01 1.16578901e+00 4.26495075e+00]
   [1.43260880e+01 1.58167534e+01 0.00000000e+00 5.40877998e-01]
   [1.27533484e+01 1.52072315e+01 0.00000000e+00 2.81475067e+00]
   [1.02237263e+01 1.33449020e+01 0.00000000e+00 4.88365936e+00]
   [1.04161510e+01 7.57532644e+00 9.57272053e-02 5.37159443e+00]
   [5.80169582e+00 2.14837956e+00 2.38236284e+00 4.05354977e+00]
   [9.04904068e-01 3.21830183e-01 1.50419879e+00 1.36004663e+00]
   [3.15753639e-01 1.57070711e-01 8.99106026e-01 7.14833915e-01]]

  [[3.50452304e-01 1.10355407e-01 8.62512589e-01 8.52755725e-01]
   [5.14989376e-01 1.81471288e-01 1.22667933e+00 1.16713214e+00]
   [5.14989376e-01 1.81471288e-01 1.22667933e+00 1.16713214e+00]
   [6.23893797e-01 3.11733603e-01 2.12060523e+00 1.94451046e+00]
   [3.17023206e+00 3.00787830e+00 2.95803934e-01 2.78756094e+00]
   [7.73894882e+00 9.08347511e+00 0.00000000e+00 1.09980011e+00]
   [1.08747835e+01 1.30171680e+01 0.00000000e+00 2.01661444e+00]
   [1.24198256e+01 1.42238531e+01 0.00000000e+00 3.88337946e+00]
   [1.18928289e+01 1.35929689e+01 0.00000000e+00 7.62916374e+00]
   [1.04761839e+01 8.98850250e+00 2.65464830e+00 9.57225227e+00]
   [9.15740776e+00 4.66738081e+00 4.73910809e+00 7.08232832e+00]
   [4.58980799e+00 2.17948484e+00 4.02533388e+00 2.90838766e+00]
   [7.23131716e-01 3.72111946e-01 1.47237730e+00 1.19480038e+00]
   [3.15753639e-01 1.57070711e-01 8.99106026e-01 7.14833915e-01]]

  [[3.50452304e-01 1.10355407e-01 8.62512589e-01 8.52755725e-01]
   [1.05779767e+00 3.61962259e-01 5.27972341e-01 9.89717185e-01]
   [1.59242117e+00 1.00460804e+00 0.00000000e+00 2.46525124e-01]
   [1.14540982e+00 1.64080131e+00 0.00000000e+00 0.00000000e+00]
   [8.81002843e-01 2.86178064e+00 1.39078522e+00 3.73257017e+00]
   [3.19835687e+00 6.37850904e+00 3.74980831e+00 7.57025433e+00]
   [9.62777042e+00 1.03006897e+01 3.58121395e+00 1.04307909e+01]
   [1.40027952e+01 1.28590155e+01 2.84418464e+00 1.06698952e+01]
   [1.40465546e+01 1.23192368e+01 3.44875813e+00 9.29880905e+00]
   [1.09360809e+01 8.30794811e+00 4.82204390e+00 7.22393322e+00]
   [6.58337736e+00 4.38071156e+00 4.37038946e+00 4.12345409e+00]
   [2.24512410e+00 1.48172045e+00 2.90812397e+00 1.57129407e+00]
   [5.14989376e-01 1.81471288e-01 1.22667933e+00 1.16713214e+00]
   [3.15753639e-01 1.57070711e-01 8.99106026e-01 7.14833915e-01]]

  [[5.88866055e-01 1.96936816e-01 5.55970728e-01 7.71848738e-01]
   [2.82573175e+00 1.72606039e+00 0.00000000e+00 0.00000000e+00]
   [3.91837764e+00 4.77537680e+00 0.00000000e+00 0.00000000e+00]
   [2.88730216e+00 4.58781719e+00 0.00000000e+00 0.00000000e+00]
   [1.56646299e+00 1.98431814e+00 8.46092701e-01 3.93909025e+00]
   [1.90835643e+00 2.69316959e+00 8.18572807e+00 8.44001675e+00]
   [6.79178095e+00 7.07046938e+00 9.89641285e+00 1.08892107e+01]
   [1.20707560e+01 1.22768250e+01 6.72632551e+00 8.32601547e+00]
   [1.34092693e+01 1.34779196e+01 1.78576517e+00 3.65735269e+00]
   [9.21830940e+00 7.85610247e+00 0.00000000e+00 2.41276884e+00]
   [3.70454144e+00 1.80113101e+00 7.60755777e-01 2.60220981e+00]
   [7.17709601e-01 3.70819569e-01 1.47484350e+00 1.19481325e+00]
   [5.14989376e-01 1.81471288e-01 1.22667933e+00 1.16713214e+00]
   [3.15753639e-01 1.57070711e-01 8.99106026e-01 7.14833915e-01]]

  [[7.54735291e-01 4.04902041e-01 2.57954389e-01 7.60216355e-01]
   [3.48907113e+00 3.61348796e+00 0.00000000e+00 8.17396104e-01]
   [5.96936512e+00 7.87775755e+00 0.00000000e+00 0.00000000e+00]
   [6.82746601e+00 6.58665609e+00 0.00000000e+00 0.00000000e+00]
   [5.63441086e+00 3.88627815e+00 0.00000000e+00 1.14760852e+00]
   [4.66602087e+00 4.44651270e+00 0.00000000e+00 0.00000000e+00]
   [6.40973663e+00 8.07793236e+00 0.00000000e+00 3.80619854e-01]
   [9.15457630e+00 1.34029322e+01 0.00000000e+00 1.24216413e+00]
   [1.05469608e+01 1.38182497e+01 0.00000000e+00 2.16007996e+00]
   [8.71578979e+00 6.61166239e+00 0.00000000e+00 3.34735632e+00]
   [3.96553183e+00 1.26844144e+00 1.04583097e+00 2.99545693e+00]
   [5.14989376e-01 1.81471288e-01 1.22667933e+00 1.16713214e+00]
   [5.14989376e-01 1.81471288e-01 1.22667933e+00 1.16713214e+00]
   [3.15753639e-01 1.57070711e-01 8.99106026e-01 7.14833915e-01]]

  [[4.12304699e-01 4.01208073e-01 9.18770671e-01 1.33090711e+00]
   [2.68868303e+00 3.91866922e+00 3.36982876e-01 4.09440470e+00]
   [7.84544230e+00 9.43199730e+00 0.00000000e+00 2.95024920e+00]
   [1.28095808e+01 1.13995342e+01 0.00000000e+00 6.63229585e-01]
   [1.16077766e+01 1.00644493e+01 0.00000000e+00 0.00000000e+00]
   [8.51045036e+00 9.71016312e+00 0.00000000e+00 0.00000000e+00]
   [8.13830280e+00 1.12455902e+01 0.00000000e+00 0.00000000e+00]
   [8.07740879e+00 1.15264997e+01 0.00000000e+00 4.69236088e+00]
   [9.06225777e+00 8.40008926e+00 0.00000000e+00 7.69588757e+00]
   [8.34286785e+00 4.04997253e+00 2.52252340e+00 6.19612789e+00]
   [3.72246289e+00 1.36249220e+00 2.99738455e+00 2.67686248e+00]
   [5.14989376e-01 1.81471288e-01 1.22667933e+00 1.16713214e+00]
   [5.14989376e-01 1.81471288e-01 1.22667933e+00 1.16713214e+00]
   [3.15753639e-01 1.57070711e-01 8.99106026e-01 7.14833915e-01]]

  [[3.51330876e-01 2.16612488e-01 1.36567271e+00 1.40933847e+00]
   [1.02812672e+00 2.44959545e+00 4.00417852e+00 5.69453430e+00]
   [5.06456566e+00 7.37451839e+00 3.78021669e+00 7.17832851e+00]
   [1.09470654e+01 1.10513201e+01 6.00265622e-01 6.47335720e+00]
   [1.18031120e+01 1.10779486e+01 0.00000000e+00 6.35537529e+00]
   [9.83540440e+00 9.54451847e+00 0.00000000e+00 7.99339676e+00]
   [9.17293072e+00 8.75329018e+00 1.36803949e+00 1.11272936e+01]
   [9.42086601e+00 7.34064054e+00 6.60872269e+00 1.25801783e+01]
   [9.36719036e+00 5.35744429e+00 8.40495872e+00 9.72420979e+00]
   [6.62098455e+00 3.47362423e+00 5.95689535e+00 4.70531178e+00]
   [2.35193324e+00 1.50850785e+00 2.97451448e+00 1.63208699e+00]
   [5.14989376e-01 1.81471288e-01 1.22667933e+00 1.16713214e+00]
   [5.14989376e-01 1.81471288e-01 1.22667933e+00 1.16713214e+00]
   [3.15753639e-01 1.57070711e-01 8.99106026e-01 7.14833915e-01]]

  [[3.66740465e-01 1.30358577e-01 9.78258133e-01 9.51148093e-01]
   [5.52573740e-01 8.82802010e-01 4.19196558e+00 4.24758625e+00]
   [1.78871572e+00 3.28420997e+00 8.13992500e+00 8.33332443e+00]
   [5.33552313e+00 6.69439840e+00 1.12134056e+01 1.10762119e+01]
   [7.89525080e+00 7.76543760e+00 1.24364929e+01 1.24578152e+01]
   [8.70044804e+00 7.25901318e+00 1.28088770e+01 1.28047762e+01]
   [8.59652233e+00 6.29163361e+00 1.31564627e+01 1.20238619e+01]
   [8.09834194e+00 5.47057533e+00 1.14115505e+01 8.83147717e+00]
   [6.06124306e+00 4.22303534e+00 7.32237959e+00 4.33639622e+00]
   [2.84319782e+00 2.11158228e+00 3.71546078e+00 1.77026367e+00]
   [7.88018763e-01 4.33200806e-01 1.55304766e+00 1.20344901e+00]
   [5.14989376e-01 1.81471288e-01 1.22667933e+00 1.16713214e+00]
   [5.14989376e-01 1.81471288e-01 1.22667933e+00 1.16713214e+00]
   [3.15753639e-01 1.57070711e-01 8.99106026e-01 7.14833915e-01]]

  [[1.53842315e-01 5.46607003e-03 8.34271073e-01 7.40871847e-01]
   [3.65621507e-01 1.88546211e-01 1.83637214e+00 1.55583405e+00]
   [7.63489902e-01 6.67408228e-01 4.34740257e+00 3.56049466e+00]
   [1.97721624e+00 1.97215068e+00 7.22284889e+00 5.27764320e+00]
   [3.83047843e+00 3.57638311e+00 9.40460110e+00 5.91543579e+00]
   [4.45897579e+00 4.02813148e+00 9.33422184e+00 5.29331350e+00]
   [4.05826044e+00 3.55001402e+00 7.32988405e+00 3.74902797e+00]
   [2.76288366e+00 2.41731739e+00 4.57192516e+00 2.06783962e+00]
   [1.28755224e+00 1.02606535e+00 2.42612267e+00 1.22363567e+00]
   [4.13733900e-01 2.09841728e-01 1.32361639e+00 9.89100873e-01]
   [2.78587103e-01 8.36094916e-02 1.15817380e+00 9.70646858e-01]
   [2.78587103e-01 8.36094916e-02 1.15817380e+00 9.70646858e-01]
   [2.78587103e-01 8.36094916e-02 1.15817380e+00 9.70646858e-01]
   [1.92003965e-01 1.21889159e-01 8.05485725e-01 5.52348971e-01]]]]