0.0377225  0.0027973  0.3054633  0.2014818  0.1198355  0.1252800  0.1083343  0.0346266  
0.0377225  0.0027973  0.3054633  0.2014818  0.1198355  0.1252800  0.1083343  0.0346266  
0.0377225  0.0027973  0.3054633  0.2014818  0.1198355  0.1252800  0.1083343  0.0346266  
0.0377225  0.0027973  0.3054633  0.2014818  0.1198355  0.1252800  0.1083343  0.0346266  
0.0377225  0.0027973  0.3054633  0.2014818  0.1198355  0.1252800  0.1083343  0.0346266  
0.0377225  0.0027973  0.3054633  0.2014818  0.1198355  0.1252800  0.1083343  0.0346266  
0.0377225  0.0027973  0.3054633  0.2014818  0.1198355  0.1252800  0.1083343  0.0346266  
0.0377225  0.0027973  0.3054633  0.2014818  0.1198355  0.1252800  0.1083343  0.0346266  
0.0377225  0.0027973  0.3054633  0.2014818  0.1198355  0.1252800  0.1083343  0.0346266  
0.0377225  0.0027973  0.3054633  0.2014818  0.1198355  0.1252800  0.1083343  0.0346266  
0.0377225  0.0027973  0.3054633  0.2014818  0.1198355  0.1252800  0.1083343  0.0346266  
0.0377225  0.0027973  0.3054633  0.2014818  0.1198355  0.1252800  0.1083343  0.0346266  
0.0377225  0.0027973  0.3054633  0.2014818  0.1198355  0.1252800  0.1083343  0.0346266  
0.0377225  0.0027973  0.3054633  0.2014818  0.1198355  0.1252800  0.1083343  0.0346266  
0.0377225  0.0027973  0.3054633  0.2014818  0.1198355  0.1252800  0.1083343  0.0346266  
0.0377225  0.0027973  0.3054633  0.2014818  0.1198355  0.1252800  0.1083343  0.0346266  
0.0377225  0.0027973  0.3054633  0.2014818  0.1198355  0.1252800  0.1083343  0.0346266  
0.0377225  0.0027973  0.3054633  0.2014818  0.1198355  0.1252800  0.1083343  0.0346266  
0.0377225  0.0027973  0.3054633  0.2014818  0.1198355  0.1252800  0.1083343  0.0346266  
0.0377225  0.0027973  0.3054633  0.2014818  0.1198355  0.1252800  0.1083343  0.0346266  
0.0377225  0.0027973  0.3054633  0.2014818  0.1198355  0.1252800  0.1083343  0.0346266  
0.0377225  0.0027973  0.3054633  0.2014818  0.1198355  0.1252800  0.1083343  0.0346266  
0.0377225  0.0027973  0.3054633  0.2014818  0.1198355  0.1252800  0.1083343  0.0346266  
0.0377225  0.0027973  0.3054633  0.2014818  0.1198355  0.1252800  0.1083343  0.0346266  
0.0377225  0.0027973  0.3054633  0.2014818  0.1198355  0.1252800  0.1083343  0.0346266  
0.0377225  0.0027973  0.3054633  0.2014818  0.1198355  0.1252800  0.1083343  0.0346266  
0.0377225  0.0027973  0.3054633  0.2014818  0.1198355  0.1252800  0.1083343  0.0346266  
0.0377225  0.0027973  0.3054633  0.2014818  0.1198355  0.1252800  0.1083343  0.0346266  

0.0377225  0.0027973  0.3054633  0.2014818  0.1198355  0.1252800  0.1083343  0.0346266  
0.0377225  0.0027973  0.3054633  0.2014818  0.1198355  0.1252800  0.1083343  0.0346266  
0.0377225  0.0027973  0.3054633  0.2014818  0.1198355  0.1252800  0.1083343  0.0346266  
0.0377225  0.0027973  0.3054633  0.2014818  0.1198355  0.1252800  0.1083343  0.0346266  
0.0377225  0.0027973  0.3054633  0.2014818  0.1198355  0.1252800  0.1083343  0.0346266  
0.0377225  0.0027973  0.3054633  0.2014818  0.1198355  0.1252800  0.1083343  0.0346266  
0.0377225  0.0027973  0.3054633  0.2014818  0.1198355  0.1252800  0.1083343  0.0346266  
0.0377225  0.0027973  0.3054633  0.2014818  0.1198355  0.1252800  0.1083343  0.0346266  
0.0377225  0.0027973  0.3054633  0.2014818  0.1198355  0.1252800  0.1083343  0.0346266  
0.0377225  0.0027973  0.3054633  0.2014818  0.1198355  0.1252800  0.1083343  0.0346266  
0.0377225  0.0027973  0.3054633  0.2014818  0.1198355  0.1252800  0.1083343  0.0346266  
0.0377225  0.0027973  0.3054633  0.2014818  0.1198355  0.1252800  0.1083343  0.0346266  
0.0377225  0.0027973  0.3054633  0.2014818  0.1198355  0.1252800  0.1083343  0.0346266  
0.0377225  0.0027973  0.3054633  0.2014818  0.1198355  0.1252800  0.1083343  0.0346266  
0.0377225  0.0027973  0.3054633  0.2014818  0.1198355  0.1252800  0.1083343  0.0346266  
0.0377225  0.0027973  0.3054633  0.2014818  0.1198355  0.1252800  0.1083343  0.0346266  
0.0377225  0.0027973  0.3054633  0.2014818  0.1198355  0.1252800  0.1083343  0.0346266  
0.0377225  0.0027973  0.3054633  0.2014818  0.1198355  0.1252800  0.1083343  0.0346266  
0.0377225  0.0027973  0.3054633  0.2014818  0.1198355  0.1252800  0.1083343  0.0346266  
0.0377225  0.0027973  0.3054633  0.2014818  0.1198355  0.1252800  0.1083343  0.0346266  
0.0377225  0.0027973  0.3054633  0.2014818  0.1198355  0.1252800  0.1083343  0.0346266  
0.0377225  0.0027973  0.3054633  0.2014818  0.1198355  0.1252800  0.1083343  0.0346266  
0.0377225  0.0027973  0.3054633  0.2014818  0.1198355  0.1252800  0.1083343  0.0346266  
0.0377225  0.0027973  0.3054633  0.2014818  0.1198355  0.1252800  0.1083343  0.0346266  
0.0377225  0.0027973  0.3054633  0.2014818  0.1198355  0.1252800  0.1083343  0.0346266  
0.0377225  0.0027973  0.3054633  0.2014818  0.1198355  0.1252800  0.1083343  0.0346266  
0.0377225  0.0027973  0.3054633  0.2014818  0.1198355  0.1252800  0.1083343  0.0346266  
0.0377225  0.0027973  0.3054633  0.2014818  0.1198355  0.1252800  0.1083343  0.0346266  

0.0377225  0.0027973  0.3054633  0.2014818  0.1198355  0.1252800  0.1083343  0.0346266  
0.0377225  0.0027973  0.3054633  0.2014818  0.1198355  0.1252800  0.1083343  0.0346266  
0.0377225  0.0027973  0.3054633  0.2014818  0.1198355  0.1252800  0.1083343  0.0346266  
0.0377225  0.0027973  0.3054633  0.2014818  0.1198355  0.1252800  0.1083343  0.0346266  
0.0377225  0.0027973  0.3054633  0.2014818  0.1198355  0.1252800  0.1083343  0.0346266  
0.0377225  0.0027973  0.3054633  0.2014818  0.1198355  0.1252800  0.1083343  0.0346266  
0.0377225  0.0027973  0.3054633  0.2014818  0.1198355  0.1252800  0.1083343  0.0346266  
0.0377225  0.0027973  0.3054633  0.2014818  0.1198355  0.1252800  0.1083343  0.0346266  
0.0377225  0.0027973  0.3054633  0.2014818  0.1198355  0.1252800  0.1083343  0.0346266  
0.0377225  0.0027973  0.3054633  0.2014818  0.1198355  0.1252800  0.1083343  0.0346266  
0.0377225  0.0027973  0.3054633  0.2014818  0.1198355  0.1252800  0.1083343  0.0346266  
0.0377225  0.0027973  0.3054633  0.2014818  0.1198355  0.1252800  0.1083343  0.0346266  
0.0377225  0.0027973  0.3054633  0.2014818  0.1198355  0.1252800  0.1083343  0.0346266  
0.0377225  0.0027973  0.3054633  0.2014818  0.1198355  0.1252800  0.1083343  0.0346266  
0.0377225  0.0027973  0.3054633  0.2014818  0.1198355  0.1252800  0.1083343  0.0346266  
0.0377225  0.0027973  0.3054633  0.2014818  0.1198355  0.1252800  0.1083343  0.0346266  
0.0377225  0.0027973  0.3054633  0.2014818  0.1198355  0.1252800  0.1083343  0.0346266  
0.0377225  0.0027973  0.3054633  0.2014818  0.1198355  0.1252800  0.1083343  0.0346266  
0.0377225  0.0027973  0.3054633  0.2014818  0.1198355  0.1252800  0.1083343  0.0346266  
0.0377225  0.0027973  0.3054633  0.2014818  0.1198355  0.1252800  0.1083343  0.0346266  
0.0377225  0.0027973  0.3054633  0.2014818  0.1198355  0.1252800  0.1083343  0.0346266  
0.0377225  0.0027973  0.3054633  0.2014818  0.1198355  0.1252800  0.1083343  0.0346266  
0.0377225  0.0027973  0.3054633  0.2014818  0.1198355  0.1252800  0.1083343  0.0346266  
0.0377225  0.0027973  0.3054633  0.2014818  0.1198355  0.1252800  0.1083343  0.0346266  
0.0377225  0.0027973  0.3054633  0.2014818  0.1198355  0.1252800  0.1083343  0.0346266  
0.0377225  0.0027973  0.3054633  0.2014818  0.1198355  0.1252800  0.1083343  0.0346266  
0.0377225  0.0027973  0.3054633  0.2014818  0.1198355  0.1252800  0.1083343  0.0346266  
0.0377225  0.0027973  0.3054633  0.2014818  0.1198355  0.1252800  0.1083343  0.0346266  

0.0377225  0.0027973  0.3054633  0.2014818  0.1198355  0.1252800  0.1083343  0.0346266  
0.0377225  0.0027973  0.3054633  0.2014818  0.1198355  0.1252800  0.1083343  0.0346266  
0.0377225  0.0027973  0.3054633  0.2014818  0.1198355  0.1252800  0.1083343  0.0346266  
0.0377225  0.0027973  0.3054633  0.2014818  0.1198355  0.1252800  0.1083343  0.0346266  
0.0377225  0.0027973  0.3054633  0.2014818  0.1198355  0.1252800  0.1083343  0.0346266  
0.0377225  0.0027973  0.3054633  0.2014818  0.1198355  0.1252800  0.1083343  0.0346266  
0.0377225  0.0027973  0.3054633  0.2014818  0.1198355  0.1252800  0.1083343  0.0346266  
0.0377225  0.0027973  0.3054633  0.2014818  0.1198355  0.1252800  0.1083343  0.0346266  
0.0377225  0.0027973  0.3054633  0.2014818  0.1198355  0.1252800  0.1083343  0.0346266  
0.0377225  0.0027973  0.3054633  0.2014818  0.1198355  0.1252800  0.1083343  0.0346266  
0.0377225  0.0027973  0.3054633  0.2014818  0.1198355  0.1252800  0.1083343  0.0346266  
0.0377225  0.0027973  0.3054633  0.2014818  0.1198355  0.1252800  0.1083343  0.0346266  
0.0377225  0.0027973  0.3054633  0.2014818  0.1198355  0.1252800  0.1083343  0.0346266  
0.0377225  0.0027973  0.3054633  0.2014818  0.1198355  0.1252800  0.1083343  0.0346266  
0.0377225  0.0027973  0.3054633  0.2014818  0.1198355  0.1252800  0.1083343  0.0346266  
0.0377225  0.0027973  0.3054633  0.2014818  0.1198355  0.1252800  0.1083343  0.0346266  
0.0377225  0.0027973  0.3054633  0.2014818  0.1198355  0.1252800  0.1083343  0.0346266  
0.0377225  0.0027973  0.3054633  0.2014818  0.1198355  0.1252800  0.1083343  0.0346266  
0.0377225  0.0027973  0.3054633  0.2014818  0.1198355  0.1252800  0.1083343  0.0346266  
0.0377225  0.0027973  0.3054633  0.2014818  0.1198355  0.1252800  0.1083343  0.0346266  
0.0377225  0.0027973  0.3054633  0.2014818  0.1198355  0.1252800  0.1083343  0.0346266  
0.0377225  0.0027973  0.3054633  0.2014818  0.1198355  0.1252800  0.1083343  0.0346266  
0.0377225  0.0027973  0.3054633  0.2014818  0.1198355  0.1252800  0.1083343  0.0346266  
0.0377225  0.0027973  0.3054633  0.2014818  0.1198355  0.1252800  0.1083343  0.0346266  
0.0377225  0.0027973  0.3054633  0.2014818  0.1198355  0.1252800  0.1083343  0.0346266  
0.0377225  0.0027973  0.3054633  0.2014818  0.1198355  0.1252800  0.1083343  0.0346266  
0.0377225  0.0027973  0.3054633  0.2014818  0.1198355  0.1252800  0.1083343  0.0346266  
0.0377225  0.0027973  0.3054633  0.2014818  0.1198355  0.1252800  0.1083343  0.0346266  

0.0377225  0.0027973  0.3054633  0.2014818  0.1198355  0.1252800  0.1083343  0.0346266  
0.0377225  0.0027973  0.3054633  0.2014818  0.1198355  0.1252800  0.1083343  0.0346266  
0.0377225  0.0027973  0.3054633  0.2014818  0.1198355  0.1252800  0.1083343  0.0346266  
0.0377225  0.0027973  0.3054633  0.2014818  0.1198355  0.1252800  0.1083343  0.0346266  
0.0377225  0.0027973  0.3054633  0.2014818  0.1198355  0.1252800  0.1083343  0.0346266  
0.0377225  0.0027973  0.3054633  0.2014818  0.1198355  0.1252800  0.1083343  0.0346266  
0.0377225  0.0027973  0.3054633  0.2014818  0.1198355  0.1252800  0.1083343  0.0346266  
0.0377225  0.0027973  0.3054633  0.2014818  0.1198355  0.1252800  0.1083343  0.0346266  
0.0377225  0.0027973  0.3054633  0.2014818  0.1198355  0.1252800  0.1083343  0.0346266  
0.0377225  0.0027973  0.3054633  0.2014818  0.1198355  0.1252800  0.1083343  0.0346266  
0.0377225  0.0027973  0.3054633  0.2014818  0.1198355  0.1252800  0.1083343  0.0346266  
0.0377225  0.0027973  0.3054633  0.2014818  0.1198355  0.1252800  0.1083343  0.0346266  
0.0975036  0.0485831  0.2102697  0.1840524  0.1357503  0.1648284  0.1668638  0.0856576  
0.3322374  0.2504115  0.0000000  0.0926258  0.2194018  0.3123261  0.4237699  0.3094926  
0.7558575  0.6438624  0.0000000  0.0000000  0.4354772  0.5363775  0.8806708  0.7317483  
1.1006603  0.9854934  0.0000000  0.0000000  0.7224817  0.6334349  1.1746550  1.0669590  
1.3301491  1.1494076  0.0000000  0.0000000  0.9180981  0.6642473  1.2170355  1.1999583  
1.2504970  1.0892055  0.0000000  0.0000000  0.8964677  0.6122959  1.1414121  1.1332309  
0.9468950  0.8274280  0.0000000  0.0000000  0.7887643  0.4207576  0.8068548  0.8425311  
0.5429797  0.4286447  0.0000000  0.0000000  0.5463737  0.2272211  0.3579043  0.4194877  
0.1915392  0.1131181  0.0913349  0.1448929  0.2516598  0.1455368  0.1369863  0.1241614  
0.0377225  0.0027973  0.3054633  0.2014818  0.1198355  0.1252800  0.1083343  0.0346266  
0.0377225  0.0027973  0.3054633  0.2014818  0.1198355  0.1252800  0.1083343  0.0346266  
0.0377225  0.0027973  0.3054633  0.2014818  0.1198355  0.1252800  0.1083343  0.0346266  
0.0377225  0.0027973  0.3054633  0.2014818  0.1198355  0.1252800  0.1083343  0.0346266  
0.0377225  0.0027973  0.3054633  0.2014818  0.1198355  0.1252800  0.1083343  0.0346266  
0.0377225  0.0027973  0.3054633  0.2014818  0.1198355  0.1252800  0.1083343  0.0346266  
0.0377225  0.0027973  0.3054633  0.2014818  0.1198355  0.1252800  0.1083343  0.0346266  

0.0377225  0.0027973  0.3054633  0.2014818  0.1198355  0.1252800  0.1083343  0.0346266  
0.0377225  0.0027973  0.3054633  0.2014818  0.1198355  0.1252800  0.1083343  0.0346266  
0.0377225  0.0027973  0.3054633  0.2014818  0.1198355  0.1252800  0.1083343  0.0346266  
0.0377225  0.0027973  0.3054633  0.2014818  0.1198355  0.1252800  0.1083343  0.0346266  
0.0377225  0.0027973  0.3054633  0.2014818  0.1198355  0.1252800  0.1083343  0.0346266  
0.0377225  0.0027973  0.3054633  0.2014818  0.1198355  0.1252800  0.1083343  0.0346266  
0.0377225  0.0027973  0.3054633  0.2014818  0.1198355  0.1252800  0.1083343  0.0346266  
0.0377225  0.0027973  0.3054633  0.2014818  0.1198355  0.1252800  0.1083343  0.0346266  
0.0377225  0.0027973  0.3054633  0.2014818  0.1198355  0.1252800  0.1083343  0.0346266  
0.0377225  0.0027973  0.3054633  0.2014818  0.1198355  0.1252800  0.1083343  0.0346266  
0.0782193  0.0338135  0.2409773  0.1896748  0.1306165  0.1520709  0.1479833  0.0691960  
0.3386303  0.2481955  0.0000000  0.0981777  0.2142775  0.3190687  0.4212913  0.3073824  
0.7794333  0.6490049  0.0000000  0.0000000  0.4587557  0.5509291  0.9091491  0.7874423  
1.4299334  1.1682711  0.0000000  0.0000000  0.9579126  0.8292896  1.3452508  1.4430993  
2.0833857  1.7040460  0.0000000  0.0000000  1.5783485  1.2262454  1.5796893  2.1206906  
2.4275289  2.0960228  0.0000000  0.0277450  2.0981095  1.6135064  1.4635128  2.4819155  
2.6088278  2.2185361  0.0000000  0.1369666  2.3496385  1.8582323  1.3193853  2.6407385  
2.5136998  2.1754355  0.0000000  0.0995781  2.2960508  1.8068148  1.2539978  2.5310571  
2.1091068  1.9060481  0.0000000  0.0000000  2.0205822  1.5504414  0.9840965  2.0631826  
1.2573470  1.1427170  0.0000000  0.0000000  1.3924150  0.8959149  0.4553406  1.1741263  
0.6013659  0.4191340  0.0000000  0.0983441  0.6678617  0.3564526  0.1309374  0.4208013  
0.0752387  0.0297048  0.2532368  0.1876797  0.1519878  0.1302207  0.1153226  0.0564644  
0.0377225  0.0027973  0.3054633  0.2014818  0.1198355  0.1252800  0.1083343  0.0346266  
0.0377225  0.0027973  0.3054633  0.2014818  0.1198355  0.1252800  0.1083343  0.0346266  
0.0377225  0.0027973  0.3054633  0.2014818  0.1198355  0.1252800  0.1083343  0.0346266  
0.0377225  0.0027973  0.3054633  0.2014818  0.1198355  0.1252800  0.1083343  0.0346266  
0.0377225  0.0027973  0.3054633  0.2014818  0.1198355  0.1252800  0.1083343  0.0346266  
0.0377225  0.0027973  0.3054633  0.2014818  0.1198355  0.1252800  0.1083343  0.0346266  

0.0377225  0.0027973  0.3054633  0.2014818  0.1198355  0.1252800  0.1083343  0.0346266  
0.0377225  0.0027973  0.3054633  0.2014818  0.1198355  0.1252800  0.1083343  0.0346266  
0.0377225  0.0027973  0.3054633  0.2014818  0.1198355  0.1252800  0.1083343  0.0346266  
0.0377225  0.0027973  0.3054633  0.2014818  0.1198355  0.1252800  0.1083343  0.0346266  
0.0377225  0.0027973  0.3054633  0.2014818  0.1198355  0.1252800  0.1083343  0.0346266  
0.0377225  0.0027973  0.3054633  0.2014818  0.1198355  0.1252800  0.1083343  0.0346266  
0.0377225  0.0027973  0.3054633  0.2014818  0.1198355  0.1252800  0.1083343  0.0346266  
0.0377225  0.0027973  0.3054633  0.2014818  0.1198355  0.1252800  0.1083343  0.0346266  
0.0377225  0.0027973  0.3054633  0.2014818  0.1198355  0.1252800  0.1083343  0.0346266  
0.2749185  0.1844633  0.0000000  0.1323263  0.1829813  0.2821979  0.3405642  0.2371045  
0.7334834  0.6089706  0.0000000  0.0000000  0.4034227  0.5489110  0.8846644  0.7371471  
1.4324001  1.1685922  0.0000000  0.0000000  0.9391874  0.8357457  1.4016244  1.4721949  
2.1015828  1.7671175  0.0000000  0.0000000  1.6620598  1.2612406  1.5914936  2.1067338  
2.5534167  2.2650177  0.0000000  0.2560478  2.4244540  1.9119734  1.5287594  2.5309401  
2.9069703  2.5887339  0.0000000  0.6760907  3.1205788  2.5815303  1.3473601  2.7650359  
3.1255629  2.5971394  0.0000000  0.9665644  3.4581513  3.0384533  1.0194727  2.8193254  
3.2127926  2.5024266  0.0000000  1.1526028  3.6062407  3.2993591  0.8276720  2.7816629  
3.1774728  2.4491787  0.0000000  1.0919998  3.4848378  3.2401016  0.8282145  2.7754369  
3.0540552  2.2914355  0.0000000  0.7902153  3.1224685  2.9341447  0.8154568  2.7094827  
2.2893512  1.8339492  0.0000000  0.2770648  2.3941031  2.1118424  0.5629816  1.9874070  
1.2546921  0.9613789  0.0000000  0.0869495  1.3980829  0.9799683  0.2924543  1.0515462  
0.4664305  0.3094468  0.0000000  0.0723191  0.5034796  0.2179115  0.1588486  0.2929402  
0.0377225  0.0027973  0.3054633  0.2014818  0.1198355  0.1252800  0.1083343  0.0346266  
0.0377225  0.0027973  0.3054633  0.2014818  0.1198355  0.1252800  0.1083343  0.0346266  
0.0377225  0.0027973  0.3054633  0.2014818  0.1198355  0.1252800  0.1083343  0.0346266  
0.0377225  0.0027973  0.3054633  0.2014818  0.1198355  0.1252800  0.1083343  0.0346266  
0.0377225  0.0027973  0.3054633  0.2014818  0.1198355  0.1252800  0.1083343  0.0346266  
0.0377225  0.0027973  0.3054633  0.2014818  0.1198355  0.1252800  0.1083343  0.0346266  

0.0377225  0.0027973  0.3054633  0.2014818  0.1198355  0.1252800  0.1083343  0.0346266  
0.0377225  0.0027973  0.3054633  0.2014818  0.1198355  0.1252800  0.1083343  0.0346266  
0.0377225  0.0027973  0.3054633  0.2014818  0.1198355  0.1252800  0.1083343  0.0346266  
0.0377225  0.0027973  0.3054633  0.2014818  0.1198355  0.1252800  0.1083343  0.0346266  
0.0377225  0.0027973  0.3054633  0.2014818  0.1198355  0.1252800  0.1083343  0.0346266  
0.0377225  0.0027973  0.3054633  0.2014818  0.1198355  0.1252800  0.1083343  0.0346266  
0.0377225  0.0027973  0.3054633  0.2014818  0.1198355  0.1252800  0.1083343  0.0346266  
0.0377225  0.0027973  0.3054633  0.2014818  0.1198355  0.1252800  0.1083343  0.0346266  
0.0377225  0.0027973  0.3054633  0.2014818  0.1198355  0.1252800  0.1083343  0.0346266  
0.7066942  0.4320746  0.0000000  0.1981750  0.3822754  0.5342302  0.6910356  0.6965749  
1.5421673  1.2850542  0.0000000  0.1313135  1.1182346  1.1034282  1.4460336  1.7271154  
2.4559743  2.2286222  0.0000000  0.2885007  2.3632100  1.8920649  1.5458249  2.4834819  
2.9749823  2.6333020  0.0000000  0.6475544  3.1262324  2.6190293  1.3651453  2.8390303  
3.1732416  2.6443646  0.0000000  0.9221966  3.4834535  3.0525424  1.1011964  2.8784940  
2.8327031  2.2605646  0.0000000  1.1738566  3.4946377  2.9947762  0.4871424  2.4480410  
2.4081378  1.7596173  0.5298917  1.4204216  3.1577945  2.8161633  0.0000000  1.9111905  
1.9527055  1.3929194  1.0712105  1.5446217  2.7230945  2.6695468  0.0000000  1.5902593  
2.0462859  1.4556035  0.9522421  1.5216963  2.7019427  2.7225404  0.0599401  1.6952728  
2.5720117  1.8798677  0.2194712  1.3368810  2.8826246  3.0186520  0.5829399  2.2340059  
2.7184134  2.0363691  0.0000000  0.7346358  2.7197540  2.7429824  0.7939224  2.5304663  
1.8221769  1.4683037  0.0000000  0.3143841  2.2211998  1.7163166  0.1613174  1.5514598  
0.8482976  0.5523658  0.0000000  0.2405022  0.9990902  0.6594115  0.0000000  0.5890468  
0.0377225  0.0027973  0.3054633  0.2014818  0.1198355  0.1252800  0.1083343  0.0346266  
0.0377225  0.0027973  0.3054633  0.2014818  0.1198355  0.1252800  0.1083343  0.0346266  
0.0377225  0.0027973  0.3054633  0.2014818  0.1198355  0.1252800  0.1083343  0.0346266  
0.0377225  0.0027973  0.3054633  0.2014818  0.1198355  0.1252800  0.1083343  0.0346266  
0.0377225  0.0027973  0.3054633  0.2014818  0.1198355  0.1252800  0.1083343  0.0346266  
0.0377225  0.0027973  0.3054633  0.2014818  0.1198355  0.1252800  0.1083343  0.0346266  

0.0377225  0.0027973  0.3054633  0.2014818  0.1198355  0.1252800  0.1083343  0.0346266  
0.0377225  0.0027973  0.3054633  0.2014818  0.1198355  0.1252800  0.1083343  0.0346266  
0.0377225  0.0027973  0.3054633  0.2014818  0.1198355  0.1252800  0.1083343  0.0346266  
0.0377225  0.0027973  0.3054633  0.2014818  0.1198355  0.1252800  0.1083343  0.0346266  
0.0377225  0.0027973  0.3054633  0.2014818  0.1198355  0.1252800  0.1083343  0.0346266  
0.0377225  0.0027973  0.3054633  0.2014818  0.1198355  0.1252800  0.1083343  0.0346266  
0.0377225  0.0027973  0.3054633  0.2014818  0.1198355  0.1252800  0.1083343  0.0346266  
0.0377225  0.0027973  0.3054633  0.2014818  0.1198355  0.1252800  0.1083343  0.0346266  
0.1167878  0.0633527  0.1795620  0.1784300  0.1408841  0.1775860  0.1857443  0.1021192  
1.1127625  0.8116337  0.0000000  0.3884186  0.8371761  0.9399397  1.0734804  1.0953566  
2.0366366  1.9431487  0.0000000  0.5671661  2.1078992  1.8953277  1.5720026  2.1135545  
3.0230696  2.5359933  0.0000000  0.9194161  3.3252773  2.9173682  1.0847906  2.7430367  
3.1742241  2.4728873  0.0000000  1.1638476  3.5959733  3.2738440  0.7899110  2.7487397  
2.7415583  2.1584942  0.0347272  1.2412735  3.4135449  3.0227141  0.4061687  2.3462770  
2.2258894  1.7237488  0.0000000  1.1227454  2.8852565  2.7261288  0.0000000  1.6507158  
1.4545029  1.0112548  0.1735081  0.9908830  2.0641835  2.1111081  0.0000000  1.0295689  
1.0780075  0.6623728  0.3134827  0.8369943  1.5809010  1.5062419  0.0000000  0.5690454  
0.9058036  0.5220277  0.7419035  0.9979787  1.4014281  1.4821974  0.0062755  0.5186504  
1.9034177  1.2510844  0.2204591  1.1345329  1.9742674  2.2242498  0.7974126  1.5506687  
2.6032166  2.1226671  0.0000000  0.9532256  2.7822351  2.8106885  1.1867368  2.4470110  
2.3297503  1.8404124  0.0000000  0.4827393  2.6802547  2.3452482  0.1863710  1.9470387  
1.3021693  0.7336412  0.0000000  0.3828684  1.5245888  1.2404135  0.0000000  0.8791544  
0.2290555  0.1400256  0.0391084  0.1310907  0.2838120  0.1504775  0.1439745  0.1459992  
0.0377225  0.0027973  0.3054633  0.2014818  0.1198355  0.1252800  0.1083343  0.0346266  
0.0377225  0.0027973  0.3054633  0.2014818  0.1198355  0.1252800  0.1083343  0.0346266  
0.0377225  0.0027973  0.3054633  0.2014818  0.1198355  0.1252800  0.1083343  0.0346266  
0.0377225  0.0027973  0.3054633  0.2014818  0.1198355  0.1252800  0.1083343  0.0346266  
0.0377225  0.0027973  0.3054633  0.2014818  0.1198355  0.1252800  0.1083343  0.0346266  

0.0377225  0.0027973  0.3054633  0.2014818  0.1198355  0.1252800  0.1083343  0.0346266  
0.0377225  0.0027973  0.3054633  0.2014818  0.1198355  0.1252800  0.1083343  0.0346266  
0.0377225  0.0027973  0.3054633  0.2014818  0.1198355  0.1252800  0.1083343  0.0346266  
0.0377225  0.0027973  0.3054633  0.2014818  0.1198355  0.1252800  0.1083343  0.0346266  
0.0377225  0.0027973  0.3054633  0.2014818  0.1198355  0.1252800  0.1083343  0.0346266  
0.0377225  0.0027973  0.3054633  0.2014818  0.1198355  0.1252800  0.1083343  0.0346266  
0.0377225  0.0027973  0.3054633  0.2014818  0.1198355  0.1252800  0.1083343  0.0346266  
0.0377225  0.0027973  0.3054633  0.2014818  0.1198355  0.1252800  0.1083343  0.0346266  
0.1302231  0.0459488  0.3196452  0.2384245  0.1725768  0.1752707  0.1748102  0.1438857  
0.8760162  0.6819860  0.4196955  0.7184267  1.0252914  0.9175712  0.7255595  0.8915559  
1.4401362  1.3961498  0.9020793  1.0333630  1.9741598  1.7608805  0.5854940  1.4630661  
2.0039828  1.5264189  0.9608233  1.4737753  2.7746387  2.6416075  0.0000000  1.6979764  
1.9075832  1.3718699  1.0642924  1.5266010  2.6973670  2.6451612  0.0000000  1.5369622  
1.6567446  1.2268391  0.7191305  1.2678020  2.3485591  2.4474342  0.0000000  1.2286738  
1.9166454  1.1205342  0.0000000  0.7786204  1.7989781  2.1452088  0.4087295  1.5892284  
1.2952178  1.0263102  0.0000000  0.1939843  1.4424329  1.2354878  0.5224309  1.1659778  
0.8660562  0.6427468  0.0000000  0.1388787  0.9955589  0.6125443  0.0989048  0.6568483  
0.3807886  0.3039469  0.0000000  0.2400929  0.4476695  0.4175560  0.2892150  0.2844423  
1.4704304  1.1709861  0.0000000  0.6381240  1.3393966  1.4034802  1.3159530  1.4200104  
2.4753463  2.2509284  0.0000000  0.7172558  2.5962913  2.4100289  1.4977489  2.4296463  
2.4411852  1.8549763  0.0000000  0.6596152  2.8206456  2.4396420  0.1664583  2.1139350  
1.3865514  0.8096943  0.0000000  0.5526859  1.7450199  1.4345279  0.0000000  0.9150711  
0.2239525  0.1321362  0.2106595  0.2786154  0.3622226  0.3342880  0.0000000  0.1877458  
0.0377225  0.0027973  0.3054633  0.2014818  0.1198355  0.1252800  0.1083343  0.0346266  
0.0377225  0.0027973  0.3054633  0.2014818  0.1198355  0.1252800  0.1083343  0.0346266  
0.0377225  0.0027973  0.3054633  0.2014818  0.1198355  0.1252800  0.1083343  0.0346266  
0.0377225  0.0027973  0.3054633  0.2014818  0.1198355  0.1252800  0.1083343  0.0346266  
0.0377225  0.0027973  0.3054633  0.2014818  0.1198355  0.1252800  0.1083343  0.0346266  

0.0377225  0.0027973  0.3054633  0.2014818  0.1198355  0.1252800  0.1083343  0.0346266  
0.0377225  0.0027973  0.3054633  0.2014818  0.1198355  0.1252800  0.1083343  0.0346266  
0.0377225  0.0027973  0.3054633  0.2014818  0.1198355  0.1252800  0.1083343  0.0346266  
0.0377225  0.0027973  0.3054633  0.2014818  0.1198355  0.1252800  0.1083343  0.0346266  
0.0377225  0.0027973  0.3054633  0.2014818  0.1198355  0.1252800  0.1083343  0.0346266  
0.0377225  0.0027973  0.3054633  0.2014818  0.1198355  0.1252800  0.1083343  0.0346266  
0.0377225  0.0027973  0.3054633  0.2014818  0.1198355  0.1252800  0.1083343  0.0346266  
0.0377225  0.0027973  0.3054633  0.2014818  0.1198355  0.1252800  0.1083343  0.0346266  
0.0695851  0.0583445  0.3265674  0.2636368  0.2163014  0.2027718  0.1382148  0.0491607  
0.3619675  0.4037476  0.5021706  0.6443589  0.7983230  0.7119799  0.3213609  0.2592152  
0.6343814  0.5832036  0.8362675  0.8466353  1.1647140  1.1927352  0.0857481  0.4364270  
0.8593613  0.4825595  0.8436967  1.0410355  1.4548744  1.6042964  0.0000000  0.4291895  
0.7386670  0.3798226  0.7798012  0.9450945  1.2587129  1.4128469  0.0000000  0.3402732  
0.9366943  0.3848984  0.4607503  0.7148558  0.9928501  1.2470361  0.0985582  0.6500828  
1.6774082  1.1514254  0.0000000  0.7288191  1.6091260  1.6930287  0.9709803  1.5239978  
1.3758372  1.3722990  0.0000000  0.3381875  1.6936480  1.3991201  0.4783148  1.4179565  
1.3738390  0.8693669  0.0000000  0.3999017  1.4979860  1.3270307  0.0000000  0.9869821  
0.9897481  0.7120379  0.0000000  0.0758273  0.6664193  0.7667803  0.8395126  0.9524411  
1.9191680  1.7161560  0.0000000  0.3603436  1.7857486  1.5304179  1.7206316  1.9165846  
2.7575028  2.5177217  0.0000000  0.6273395  2.8913629  2.4497621  1.4857864  2.6507845  
2.2738378  1.8425959  0.0000000  0.7732927  2.9254291  2.4967439  0.0292675  1.8614262  
1.3270514  0.6440436  0.0000000  0.6585939  1.6418020  1.4911593  0.0000000  0.7922730  
0.2062169  0.0057117  0.3437228  0.3367788  0.3401522  0.3985596  0.0000000  0.0864691  
0.0377225  0.0027973  0.3054633  0.2014818  0.1198355  0.1252800  0.1083343  0.0346266  
0.0377225  0.0027973  0.3054633  0.2014818  0.1198355  0.1252800  0.1083343  0.0346266  
0.0377225  0.0027973  0.3054633  0.2014818  0.1198355  0.1252800  0.1083343  0.0346266  
0.0377225  0.0027973  0.3054633  0.2014818  0.1198355  0.1252800  0.1083343  0.0346266  
0.0377225  0.0027973  0.3054633  0.2014818  0.1198355  0.1252800  0.1083343  0.0346266  

0.0377225  0.0027973  0.3054633  0.2014818  0.1198355  0.1252800  0.1083343  0.0346266  
0.0377225  0.0027973  0.3054633  0.2014818  0.1198355  0.1252800  0.1083343  0.0346266  
0.0377225  0.0027973  0.3054633  0.2014818  0.1198355  0.1252800  0.1083343  0.0346266  
0.0377225  0.0027973  0.3054633  0.2014818  0.1198355  0.1252800  0.1083343  0.0346266  
0.0377225  0.0027973  0.3054633  0.2014818  0.1198355  0.1252800  0.1083343  0.0346266  
0.0377225  0.0027973  0.3054633  0.2014818  0.1198355  0.1252800  0.1083343  0.0346266  
0.0377225  0.0027973  0.3054633  0.2014818  0.1198355  0.1252800  0.1083343  0.0346266  
0.0377225  0.0027973  0.3054633  0.2014818  0.1198355  0.1252800  0.1083343  0.0346266  
0.0377225  0.0027973  0.3054633  0.2014818  0.1198355  0.1252800  0.1083343  0.0346266  
0.0688079  0.0569897  0.3260527  0.2621208  0.2139485  0.2008817  0.1374860  0.0488062  
0.2168823  0.1503749  0.1817520  0.2344584  0.2526690  0.3189077  0.2117501  0.1748550  
0.3910163  0.2664798  0.0000000  0.1396758  0.3330073  0.4225419  0.3737637  0.3434544  
0.4709656  0.3772083  0.0000000  0.0216460  0.4013540  0.3522993  0.4799467  0.4318593  
0.6780989  0.5643569  0.0000000  0.2449240  0.7344478  0.5448719  0.6038179  0.6204569  
1.6343737  1.3768116  0.0000000  0.6543394  1.6211351  1.5503260  1.1611670  1.4991179  
1.8224298  1.6450204  0.0000000  0.3581205  1.9055585  1.9184372  0.7940963  1.7332209  
2.3086030  1.5058426  0.0000000  0.2658872  2.0641429  1.9368638  0.7742730  1.8924758  
2.1399558  1.7420998  0.0000000  0.0715632  1.7870730  1.4406433  1.5485721  2.0725479  
2.6247041  2.4058559  0.0000000  0.4767410  2.7084095  2.1562009  1.5768447  2.5448229  
2.7008386  2.3545468  0.0000000  0.9494369  3.2344437  2.6705904  0.7981914  2.4958181  
1.8617488  1.3305817  0.2150059  0.8416911  2.4385977  2.1692162  0.0000000  1.3831028  
0.8374886  0.2760858  0.2209770  0.6836713  1.1499000  1.2184554  0.0000000  0.4691323  
0.0650430  0.0000000  0.3146021  0.2245145  0.1549520  0.1710185  0.0856000  0.0397444  
0.0377225  0.0027973  0.3054633  0.2014818  0.1198355  0.1252800  0.1083343  0.0346266  
0.0377225  0.0027973  0.3054633  0.2014818  0.1198355  0.1252800  0.1083343  0.0346266  
0.0377225  0.0027973  0.3054633  0.2014818  0.1198355  0.1252800  0.1083343  0.0346266  
0.0377225  0.0027973  0.3054633  0.2014818  0.1198355  0.1252800  0.1083343  0.0346266  
0.0377225  0.0027973  0.3054633  0.2014818  0.1198355  0.1252800  0.1083343  0.0346266  

0.0377225  0.0027973  0.3054633  0.2014818  0.1198355  0.1252800  0.1083343  0.0346266  
0.0377225  0.0027973  0.3054633  0.2014818  0.1198355  0.1252800  0.1083343  0.0346266  
0.0377225  0.0027973  0.3054633  0.2014818  0.1198355  0.1252800  0.1083343  0.0346266  
0.0377225  0.0027973  0.3054633  0.2014818  0.1198355  0.1252800  0.1083343  0.0346266  
0.0377225  0.0027973  0.3054633  0.2014818  0.1198355  0.1252800  0.1083343  0.0346266  
0.0377225  0.0027973  0.3054633  0.2014818  0.1198355  0.1252800  0.1083343  0.0346266  
0.0377225  0.0027973  0.3054633  0.2014818  0.1198355  0.1252800  0.1083343  0.0346266  
0.0377225  0.0027973  0.3054633  0.2014818  0.1198355  0.1252800  0.1083343  0.0346266  
0.0377225  0.0027973  0.3054633  0.2014818  0.1198355  0.1252800  0.1083343  0.0346266  
0.0377225  0.0027973  0.3054633  0.2014818  0.1198355  0.1252800  0.1083343  0.0346266  
0.4707217  0.2925486  0.0000000  0.1718858  0.2776243  0.3947904  0.4958420  0.4500644  
1.0351015  0.8770908  0.0000000  0.0005556  0.6800722  0.7565328  1.0756963  1.1134273  
1.5514455  1.3829863  0.0000000  0.0000000  1.2230109  1.0155655  1.2396448  1.5649331  
1.7428986  1.5836259  0.0000000  0.0000000  1.5623282  1.1949602  1.2207603  1.6118088  
2.3322821  1.9365575  0.0000000  0.3158082  2.1213682  1.7598422  1.6270857  2.1908360  
2.6230216  2.1677415  0.0000000  0.2671530  2.3899040  2.0630953  1.3210475  2.5099115  
2.9962423  2.3147194  0.0000000  0.5731084  2.9843535  2.5881836  1.1406784  2.7236314  
2.8841248  2.5603187  0.0000000  0.6194659  3.0485451  2.5155041  1.3638070  2.7562044  
2.8937073  2.4638186  0.0000000  0.9441968  3.3439009  2.8375475  0.8931472  2.6335258  
2.2061572  1.7985789  0.1425366  1.1051332  3.0424113  2.6307654  0.0000000  1.7212880  
1.2790190  0.6368487  0.3906631  0.8509045  1.6735357  1.7244016  0.0000000  0.8021045  
0.4289058  0.0137867  0.3910593  0.5143883  0.6319990  0.7581665  0.0000000  0.1586033  
0.0377225  0.0027973  0.3054633  0.2014818  0.1198355  0.1252800  0.1083343  0.0346266  
0.0377225  0.0027973  0.3054633  0.2014818  0.1198355  0.1252800  0.1083343  0.0346266  
0.0377225  0.0027973  0.3054633  0.2014818  0.1198355  0.1252800  0.1083343  0.0346266  
0.0377225  0.0027973  0.3054633  0.2014818  0.1198355  0.1252800  0.1083343  0.0346266  
0.0377225  0.0027973  0.3054633  0.2014818  0.1198355  0.1252800  0.1083343  0.0346266  
0.0377225  0.0027973  0.3054633  0.2014818  0.1198355  0.1252800  0.1083343  0.0346266  

0.0377225  0.0027973  0.3054633  0.2014818  0.1198355  0.1252800  0.1083343  0.0346266  
0.0377225  0.0027973  0.3054633  0.2014818  0.1198355  0.1252800  0.1083343  0.0346266  
0.0377225  0.0027973  0.3054633  0.2014818  0.1198355  0.1252800  0.1083343  0.0346266  
0.0377225  0.0027973  0.3054633  0.2014818  0.1198355  0.1252800  0.1083343  0.0346266  
0.0377225  0.0027973  0.3054633  0.2014818  0.1198355  0.1252800  0.1083343  0.0346266  
0.0377225  0.0027973  0.3054633  0.2014818  0.1198355  0.1252800  0.1083343  0.0346266  
0.0377225  0.0027973  0.3054633  0.2014818  0.1198355  0.1252800  0.1083343  0.0346266  
0.0377225  0.0027973  0.3054633  0.2014818  0.1198355  0.1252800  0.1083343  0.0346266  
0.0377225  0.0027973  0.3054633  0.2014818  0.1198355  0.1252800  0.1083343  0.0346266  
0.0377225  0.0027973  0.3054633  0.2014818  0.1198355  0.1252800  0.1083343  0.0346266  
0.7219544  0.4712695  0.0000000  0.3469698  0.5392730  0.6217086  0.6869497  0.7118798  
1.6424879  1.4136339  0.0000000  0.3779180  1.4053049  1.3856379  1.3487208  1.7555869  
2.5314159  2.1545999  0.0000000  0.4071086  2.4163933  2.1216490  1.3233658  2.5233550  
2.8654542  2.3151770  0.0000000  0.3921487  2.7336576  2.3236408  1.1749386  2.7419934  
2.9626141  2.5771320  0.0000000  0.6533957  3.1441772  2.6025891  1.3816346  2.7832613  
3.1188946  2.7078035  0.0000000  0.7718308  3.3065674  2.8731575  1.2628413  2.9269438  
3.2889333  2.5962970  0.0000000  1.0637599  3.6707056  3.2822182  0.9373392  2.8749936  
2.8820479  2.2797399  0.0000000  1.1858268  3.4969819  3.0289810  0.5162007  2.4837990  
2.2278726  1.6934501  0.4742542  1.3037158  3.0320613  2.7116387  0.0000000  1.7416190  
1.2764257  0.7657688  0.6924980  0.9974599  1.8389375  1.9054339  0.0000000  0.8670233  
0.5904070  0.1232327  0.4310640  0.6263647  0.8498954  1.0001272  0.0000000  0.2914053  
0.1060238  0.0000000  0.3283103  0.2590634  0.2076268  0.2396263  0.0514985  0.0474212  
0.0377225  0.0027973  0.3054633  0.2014818  0.1198355  0.1252800  0.1083343  0.0346266  
0.0377225  0.0027973  0.3054633  0.2014818  0.1198355  0.1252800  0.1083343  0.0346266  
0.0377225  0.0027973  0.3054633  0.2014818  0.1198355  0.1252800  0.1083343  0.0346266  
0.0377225  0.0027973  0.3054633  0.2014818  0.1198355  0.1252800  0.1083343  0.0346266  
0.0377225  0.0027973  0.3054633  0.2014818  0.1198355  0.1252800  0.1083343  0.0346266  
0.0377225  0.0027973  0.3054633  0.2014818  0.1198355  0.1252800  0.1083343  0.0346266  

0.0377225  0.0027973  0.3054633  0.2014818  0.1198355  0.1252800  0.1083343  0.0346266  
0.0377225  0.0027973  0.3054633  0.2014818  0.1198355  0.1252800  0.1083343  0.0346266  
0.0377225  0.0027973  0.3054633  0.2014818  0.1198355  0.1252800  0.1083343  0.0346266  
0.0377225  0.0027973  0.3054633  0.2014818  0.1198355  0.1252800  0.1083343  0.0346266  
0.0377225  0.0027973  0.3054633  0.2014818  0.1198355  0.1252800  0.1083343  0.0346266  
0.0377225  0.0027973  0.3054633  0.2014818  0.1198355  0.1252800  0.1083343  0.0346266  
0.0377225  0.0027973  0.3054633  0.2014818  0.1198355  0.1252800  0.1083343  0.0346266  
0.0377225  0.0027973  0.3054633  0.2014818  0.1198355  0.1252800  0.1083343  0.0346266  
0.0377225  0.0027973  0.3054633  0.2014818  0.1198355  0.1252800  0.1083343  0.0346266  
0.0377225  0.0027973  0.3054633  0.2014818  0.1198355  0.1252800  0.1083343  0.0346266  
0.6183386  0.4602761  0.2458924  0.5340090  0.7048231  0.6769944  0.5826168  0.5956292  
1.6076199  1.4274237  0.1903315  0.8297033  1.7529305  1.7002954  1.0711468  1.5956405  
2.5965374  2.1662474  0.0000000  1.0792385  2.9380236  2.8119767  0.9650434  2.4115379  
3.2096107  2.5060029  0.0000000  1.1551961  3.5570662  3.3362777  0.8881388  2.8007021  
3.3233149  2.6174412  0.0000000  1.0937235  3.6396959  3.3832948  1.0020612  2.9169748  
3.4071894  2.6881220  0.0000000  1.0511781  3.7109735  3.3945336  1.0369157  2.9773932  
2.9239929  2.3552637  0.0000000  1.1003402  3.5549045  3.0825872  0.5798323  2.5126135  
2.1371946  1.6291747  0.2129720  1.1697876  2.9523966  2.5834568  0.0000000  1.5633942  
1.2004050  0.6802490  0.6303805  1.0429133  1.7803628  1.8597808  0.0000000  0.7263316  
0.5643748  0.1026846  0.5644319  0.6297499  0.7978872  0.9941112  0.0000000  0.2541637  
0.2057438  0.0000000  0.3616671  0.3431326  0.3358020  0.4065718  0.0000000  0.0661014  
0.0377225  0.0027973  0.3054633  0.2014818  0.1198355  0.1252800  0.1083343  0.0346266  
0.0377225  0.0027973  0.3054633  0.2014818  0.1198355  0.1252800  0.1083343  0.0346266  
0.0377225  0.0027973  0.3054633  0.2014818  0.1198355  0.1252800  0.1083343  0.0346266  
0.0377225  0.0027973  0.3054633  0.2014818  0.1198355  0.1252800  0.1083343  0.0346266  
0.0377225  0.0027973  0.3054633  0.2014818  0.1198355  0.1252800  0.1083343  0.0346266  
0.0377225  0.0027973  0.3054633  0.2014818  0.1198355  0.1252800  0.1083343  0.0346266  
0.0377225  0.0027973  0.3054633  0.2014818  0.1198355  0.1252800  0.1083343  0.0346266  

0.0377225  0.0027973  0.3054633  0.2014818  0.1198355  0.1252800  0.1083343  0.0346266  
0.0377225  0.0027973  0.3054633  0.2014818  0.1198355  0.1252800  0.1083343  0.0346266  
0.0377225  0.0027973  0.3054633  0.2014818  0.1198355  0.1252800  0.1083343  0.0346266  
0.0377225  0.0027973  0.3054633  0.2014818  0.1198355  0.1252800  0.1083343  0.0346266  
0.0377225  0.0027973  0.3054633  0.2014818  0.1198355  0.1252800  0.1083343  0.0346266  
0.0377225  0.0027973  0.3054633  0.2014818  0.1198355  0.1252800  0.1083343  0.0346266  
0.0377225  0.0027973  0.3054633  0.2014818  0.1198355  0.1252800  0.1083343  0.0346266  
0.0377225  0.0027973  0.3054633  0.2014818  0.1198355  0.1252800  0.1083343  0.0346266  
0.0377225  0.0027973  0.3054633  0.2014818  0.1198355  0.1252800  0.1083343  0.0346266  
0.0377225  0.0027973  0.3054633  0.2014818  0.1198355  0.1252800  0.1083343  0.0346266  
0.2957262  0.2739818  0.4051487  0.4877743  0.5572200  0.4881621  0.3196353  0.2537301  
0.8972549  0.7817580  0.7860936  0.9102222  1.2963718  1.2089659  0.4811153  0.8379322  
1.5141194  1.1767520  1.1212415  1.2914677  2.1335025  2.0796192  0.1961328  1.2991626  
2.0217516  1.4255521  1.0319947  1.5336937  2.6756663  2.6801219  0.0766292  1.6882588  
2.4367042  1.8077327  0.5627509  1.4566807  2.9349964  2.9880669  0.4052828  2.1045437  
2.9059970  2.2665353  0.0000000  1.2730443  3.2795870  3.2723999  0.8024407  2.5932443  
2.6996534  2.2333045  0.0000000  0.8667580  3.1826043  2.9652116  0.5599378  2.2869203  
1.8575345  1.2694255  0.0000000  0.5803976  2.2272010  1.9731219  0.0000000  1.3849345  
0.8520361  0.3759590  0.0000000  0.3623239  0.9990396  0.8465008  0.0000000  0.4611992  
0.1435401  0.0212881  0.2760839  0.2452613  0.2397790  0.2445669  0.0584868  0.0692590  
0.0377225  0.0027973  0.3054633  0.2014818  0.1198355  0.1252800  0.1083343  0.0346266  
0.0377225  0.0027973  0.3054633  0.2014818  0.1198355  0.1252800  0.1083343  0.0346266  
0.0377225  0.0027973  0.3054633  0.2014818  0.1198355  0.1252800  0.1083343  0.0346266  
0.0377225  0.0027973  0.3054633  0.2014818  0.1198355  0.1252800  0.1083343  0.0346266  
0.0377225  0.0027973  0.3054633  0.2014818  0.1198355  0.1252800  0.1083343  0.0346266  
0.0377225  0.0027973  0.3054633  0.2014818  0.1198355  0.1252800  0.1083343  0.0346266  
0.0377225  0.0027973  0.3054633  0.2014818  0.1198355  0.1252800  0.1083343  0.0346266  
0.0377225  0.0027973  0.3054633  0.2014818  0.1198355  0.1252800  0.1083343  0.0346266  

0.0377225  0.0027973  0.3054633  0.2014818  0.1198355  0.1252800  0.1083343  0.0346266  
0.0377225  0.0027973  0.3054633  0.2014818  0.1198355  0.1252800  0.1083343  0.0346266  
0.0377225  0.0027973  0.3054633  0.2014818  0.1198355  0.1252800  0.1083343  0.0346266  
0.0377225  0.0027973  0.3054633  0.2014818  0.1198355  0.1252800  0.1083343  0.0346266  
0.0377225  0.0027973  0.3054633  0.2014818  0.1198355  0.1252800  0.1083343  0.0346266  
0.0782193  0.0338135  0.2409773  0.1896748  0.1306165  0.1520709  0.1479833  0.0691960  
0.0647942  0.0384672  0.2496787  0.1780158  0.1413776  0.1379115  0.1531885  0.0736274  
0.0771146  0.0310502  0.2506255  0.1869896  0.1535954  0.1304677  0.1156720  0.0575562  
0.0377225  0.0027973  0.3054633  0.2014818  0.1198355  0.1252800  0.1083343  0.0346266  
0.0377225  0.0027973  0.3054633  0.2014818  0.1198355  0.1252800  0.1083343  0.0346266  
0.0859049  0.0867955  0.3373768  0.2954722  0.2657107  0.2424627  0.1535195  0.0566049  
0.2482236  0.2955377  0.4870507  0.5370547  0.6340210  0.5900893  0.1979638  0.1476668  
0.4817262  0.3996496  0.6962292  0.7522610  0.9531295  1.0017878  0.0567007  0.2646286  
0.7903731  0.4900273  0.8141352  1.0070469  1.3381259  1.4412436  0.0000000  0.4319037  
1.2219211  0.7565538  0.9783107  1.2156370  1.7152709  1.8052495  0.1699109  0.8935745  
2.0572062  1.4386735  0.6168081  1.3163714  2.3822062  2.5243139  0.5426044  1.7083133  
2.4850647  1.8483264  0.0000000  0.8925290  2.5687895  2.7111514  0.6788181  2.2783329  
2.0239642  1.5644976  0.0000000  0.3836658  2.2739806  1.9957196  0.3249307  1.7354013  
1.0661339  0.7717605  0.0000000  0.1596371  1.2165293  0.8332183  0.1230228  0.8320197  
0.2769732  0.1735639  0.0046467  0.1420202  0.3411107  0.1929610  0.1235578  0.1826595  
0.0377225  0.0027973  0.3054633  0.2014818  0.1198355  0.1252800  0.1083343  0.0346266  
0.0377225  0.0027973  0.3054633  0.2014818  0.1198355  0.1252800  0.1083343  0.0346266  
0.0377225  0.0027973  0.3054633  0.2014818  0.1198355  0.1252800  0.1083343  0.0346266  
0.0377225  0.0027973  0.3054633  0.2014818  0.1198355  0.1252800  0.1083343  0.0346266  
0.0377225  0.0027973  0.3054633  0.2014818  0.1198355  0.1252800  0.1083343  0.0346266  
0.0377225  0.0027973  0.3054633  0.2014818  0.1198355  0.1252800  0.1083343  0.0346266  
0.0377225  0.0027973  0.3054633  0.2014818  0.1198355  0.1252800  0.1083343  0.0346266  
0.0377225  0.0027973  0.3054633  0.2014818  0.1198355  0.1252800  0.1083343  0.0346266  

0.0377225  0.0027973  0.3054633  0.2014818  0.1198355  0.1252800  0.1083343  0.0346266  
0.0377225  0.0027973  0.3054633  0.2014818  0.1198355  0.1252800  0.1083343  0.0346266  
0.0377225  0.0027973  0.3054633  0.2014818  0.1198355  0.1252800  0.1083343  0.0346266  
0.0377225  0.0027973  0.3054633  0.2014818  0.1198355  0.1252800  0.1083343  0.0346266  
0.1572847  0.0943688  0.1150760  0.1666230  0.1516651  0.2043768  0.2253933  0.1366886  
0.5564969  0.4300332  0.0000000  0.0369882  0.3146658  0.4471561  0.6580832  0.5399048  
0.7583035  0.7175196  0.0000000  0.0000000  0.5599377  0.5020440  0.8712209  0.7843093  
0.6592587  0.5738636  0.0000000  0.0000000  0.6566719  0.3154859  0.5023128  0.5860290  
0.3434802  0.2220935  0.0000000  0.0889941  0.3818764  0.1655466  0.1652888  0.2126043  
0.0377225  0.0027973  0.3054633  0.2014818  0.1198355  0.1252800  0.1083343  0.0346266  
0.0377225  0.0027973  0.3054633  0.2014818  0.1198355  0.1252800  0.1083343  0.0346266  
0.0377225  0.0027973  0.3054633  0.2014818  0.1198355  0.1252800  0.1083343  0.0346266  
0.0377225  0.0027973  0.3054633  0.2014818  0.1198355  0.1252800  0.1083343  0.0346266  
0.0688079  0.0569897  0.3260527  0.2621208  0.2139485  0.2008817  0.1374860  0.0488062  
0.2154449  0.2647344  0.4503789  0.4997452  0.5784689  0.5270973  0.2054676  0.1266753  
1.0081407  0.7444859  0.5718769  0.9214846  1.2816765  1.3239366  0.5370597  0.8559075  
2.0937781  1.5743421  0.2092212  1.0189698  2.1812522  2.3284554  0.9017386  1.8724322  
2.2140832  1.7240933  0.0000000  0.6456873  2.4262505  2.3710968  0.5014089  2.0262868  
1.5273079  1.0790479  0.0000000  0.3719387  1.8471079  1.4568276  0.0000000  1.1811944  
0.5115845  0.3150558  0.0000000  0.2201590  0.6285476  0.4323945  0.0044608  0.3487718  
0.0377225  0.0027973  0.3054633  0.2014818  0.1198355  0.1252800  0.1083343  0.0346266  
0.0377225  0.0027973  0.3054633  0.2014818  0.1198355  0.1252800  0.1083343  0.0346266  
0.0377225  0.0027973  0.3054633  0.2014818  0.1198355  0.1252800  0.1083343  0.0346266  
0.0377225  0.0027973  0.3054633  0.2014818  0.1198355  0.1252800  0.1083343  0.0346266  
0.0377225  0.0027973  0.3054633  0.2014818  0.1198355  0.1252800  0.1083343  0.0346266  
0.0377225  0.0027973  0.3054633  0.2014818  0.1198355  0.1252800  0.1083343  0.0346266  
0.0377225  0.0027973  0.3054633  0.2014818  0.1198355  0.1252800  0.1083343  0.0346266  
0.0377225  0.0027973  0.3054633  0.2014818  0.1198355  0.1252800  0.1083343  0.0346266  

0.0377225  0.0027973  0.3054633  0.2014818  0.1198355  0.1252800  0.1083343  0.0346266  
0.0377225  0.0027973  0.3054633  0.2014818  0.1198355  0.1252800  0.1083343  0.0346266  
0.0377225  0.0027973  0.3054633  0.2014818  0.1198355  0.1252800  0.1083343  0.0346266  
0.0782193  0.0338135  0.2409773  0.1896748  0.1306165  0.1520709  0.1479833  0.0691960  
0.6173558  0.4197900  0.0000000  0.1135609  0.3309959  0.4865186  0.6577551  0.5911272  
1.2809733  1.0553112  0.0000000  0.0739197  0.9254490  0.8840309  1.2793521  1.4276811  
1.4410518  1.3081305  0.0000000  0.1241661  1.4955354  0.9601922  0.7673960  1.5096707  
0.9418398  0.8165838  0.0000000  0.3247911  1.2603033  0.8705604  0.0000000  0.7954185  
0.2753729  0.1664866  0.2374230  0.3468007  0.4557990  0.4513875  0.0000000  0.2444195  
0.0377225  0.0027973  0.3054633  0.2014818  0.1198355  0.1252800  0.1083343  0.0346266  
0.0377225  0.0027973  0.3054633  0.2014818  0.1198355  0.1252800  0.1083343  0.0346266  
0.0377225  0.0027973  0.3054633  0.2014818  0.1198355  0.1252800  0.1083343  0.0346266  
0.0377225  0.0027973  0.3054633  0.2014818  0.1198355  0.1252800  0.1083343  0.0346266  
0.0377225  0.0027973  0.3054633  0.2014818  0.1198355  0.1252800  0.1083343  0.0346266  
0.0589351  0.0190439  0.2716849  0.1952972  0.1254827  0.1393133  0.1291029  0.0527344  
0.7424959  0.6482050  0.0000000  0.4018196  0.7495051  0.8238863  0.7662557  0.6331159  
1.8745725  1.6301086  0.0000000  0.6166779  1.7972031  1.8109446  1.5125613  1.8732358  
2.4426761  2.0197585  0.0000000  0.5735767  2.6321256  2.3251410  0.8752537  2.1938510  
1.7511911  1.2222714  0.0000000  0.5274948  2.1503694  1.8064926  0.0000000  1.3335963  
0.6941202  0.3387339  0.0000000  0.3608786  0.8704674  0.7208173  0.0000000  0.4225097  
0.0377225  0.0027973  0.3054633  0.2014818  0.1198355  0.1252800  0.1083343  0.0346266  
0.0377225  0.0027973  0.3054633  0.2014818  0.1198355  0.1252800  0.1083343  0.0346266  
0.0377225  0.0027973  0.3054633  0.2014818  0.1198355  0.1252800  0.1083343  0.0346266  
0.0377225  0.0027973  0.3054633  0.2014818  0.1198355  0.1252800  0.1083343  0.0346266  
0.0377225  0.0027973  0.3054633  0.2014818  0.1198355  0.1252800  0.1083343  0.0346266  
0.0377225  0.0027973  0.3054633  0.2014818  0.1198355  0.1252800  0.1083343  0.0346266  
0.0377225  0.0027973  0.3054633  0.2014818  0.1198355  0.1252800  0.1083343  0.0346266  
0.0377225  0.0027973  0.3054633  0.2014818  0.1198355  0.1252800  0.1083343  0.0346266  

0.0377225  0.0027973  0.3054633  0.2014818  0.1198355  0.1252800  0.1083343  0.0346266  
0.0377225  0.0027973  0.3054633  0.2014818  0.1198355  0.1252800  0.1083343  0.0346266  
0.0377225  0.0027973  0.3054633  0.2014818  0.1198355  0.1252800  0.1083343  0.0346266  
0.2818000  0.1755492  0.0000000  0.1630552  0.1992141  0.2810120  0.3349638  0.2584971  
1.2163495  0.9047054  0.0000000  0.2385949  0.8240216  0.9189039  1.1959110  1.2694491  
1.8241544  1.8020563  0.0000000  0.3875886  1.9667058  1.5939593  1.3586423  1.8967628  
1.7122378  1.5900180  0.0000000  0.6174936  2.3322096  1.8330643  0.1674288  1.4332193  
1.0577297  0.4823966  0.1535210  0.6551071  1.3345892  1.3236293  0.0000000  0.6252030  
0.2603849  0.0000000  0.3799447  0.3891978  0.4060350  0.4980488  0.0000000  0.0763371  
0.0377225  0.0027973  0.3054633  0.2014818  0.1198355  0.1252800  0.1083343  0.0346266  
0.0377225  0.0027973  0.3054633  0.2014818  0.1198355  0.1252800  0.1083343  0.0346266  
0.0377225  0.0027973  0.3054633  0.2014818  0.1198355  0.1252800  0.1083343  0.0346266  
0.0377225  0.0027973  0.3054633  0.2014818  0.1198355  0.1252800  0.1083343  0.0346266  
0.1167878  0.0633527  0.1795620  0.1784300  0.1408841  0.1775860  0.1857443  0.1021192  
0.5261482  0.3986081  0.0000000  0.0458214  0.2853938  0.4350893  0.6158959  0.4907170  
1.4179355  1.1227340  0.0000000  0.0813035  0.9765466  0.9764631  1.4431419  1.4982443  
2.3894889  2.2203944  0.0000000  0.3762547  2.3696163  1.8975832  1.7375027  2.3515661  
2.5229170  2.2389245  0.0000000  0.6237782  2.8650637  2.3815274  0.7973027  2.3479409  
1.7407955  1.1823431  0.0000000  0.6092001  2.1606336  1.8567113  0.0000000  1.2895479  
0.6723628  0.2783538  0.0215735  0.4333967  0.8746400  0.8001260  0.0000000  0.3888140  
0.0377225  0.0027973  0.3054633  0.2014818  0.1198355  0.1252800  0.1083343  0.0346266  
0.0377225  0.0027973  0.3054633  0.2014818  0.1198355  0.1252800  0.1083343  0.0346266  
0.0377225  0.0027973  0.3054633  0.2014818  0.1198355  0.1252800  0.1083343  0.0346266  
0.0377225  0.0027973  0.3054633  0.2014818  0.1198355  0.1252800  0.1083343  0.0346266  
0.0377225  0.0027973  0.3054633  0.2014818  0.1198355  0.1252800  0.1083343  0.0346266  
0.0377225  0.0027973  0.3054633  0.2014818  0.1198355  0.1252800  0.1083343  0.0346266  
0.0377225  0.0027973  0.3054633  0.2014818  0.1198355  0.1252800  0.1083343  0.0346266  
0.0377225  0.0027973  0.3054633  0.2014818  0.1198355  0.1252800  0.1083343  0.0346266  

0.0377225  0.0027973  0.3054633  0.2014818  0.1198355  0.1252800  0.1083343  0.0346266  
0.0377225  0.0027973  0.3054633  0.2014818  0.1198355  0.1252800  0.1083343  0.0346266  
0.0377225  0.0027973  0.3054633  0.2014818  0.1198355  0.1252800  0.1083343  0.0346266  
0.3632312  0.1991562  0.2256533  0.3021715  0.3215034  0.3416439  0.3664279  0.3813789  
1.4797910  1.2426881  0.0000000  0.6160659  1.3857019  1.3809836  1.2281315  1.4749576  
2.0974844  2.0295424  0.0000000  0.5900494  2.3228128  2.1483681  1.1560026  2.1185634  
2.0438766  1.5293615  0.0000000  0.4347643  2.3004701  2.0233850  0.1440472  1.6531978  
1.1366526  0.6402735  0.0000000  0.2787444  1.2311624  1.0394887  0.0767776  0.7654932  
0.2760431  0.2131988  0.0000000  0.0810028  0.3200523  0.1786835  0.2494120  0.2297965  
0.1333890  0.0714115  0.1722859  0.1662863  0.2018238  0.1378788  0.1261544  0.0903129  
0.0975036  0.0485831  0.2102697  0.1840524  0.1357503  0.1648284  0.1668638  0.0856576  
0.2551004  0.1913332  0.0000000  0.1151154  0.1988666  0.2612959  0.3482480  0.2436461  
0.5480900  0.4562860  0.0000000  0.0000000  0.3528609  0.4089814  0.6423024  0.5241218  
1.0137087  0.8372461  0.0000000  0.0000000  0.6278276  0.6248229  1.0541452  0.9821109  
1.7224712  1.3688447  0.0000000  0.0000000  1.1824685  0.9860319  1.5418673  1.7545905  
2.4201729  2.2152984  0.0000000  0.2638253  2.3336861  1.7947346  1.7227643  2.3792133  
2.7815711  2.5094478  0.0000000  0.7573010  3.1113856  2.5465448  1.1820419  2.6621215  
2.3416529  1.8578093  0.0332587  0.9839349  2.9906740  2.5506895  0.0660312  1.9416904  
1.3355775  0.7561394  0.2893030  0.7976688  1.7756190  1.7030090  0.0000000  0.8913541  
0.4058282  0.0888481  0.3281273  0.4743377  0.6137500  0.6926789  0.0000000  0.2161315  
0.0377225  0.0027973  0.3054633  0.2014818  0.1198355  0.1252800  0.1083343  0.0346266  
0.0377225  0.0027973  0.3054633  0.2014818  0.1198355  0.1252800  0.1083343  0.0346266  
0.0377225  0.0027973  0.3054633  0.2014818  0.1198355  0.1252800  0.1083343  0.0346266  
0.0377225  0.0027973  0.3054633  0.2014818  0.1198355  0.1252800  0.1083343  0.0346266  
0.0377225  0.0027973  0.3054633  0.2014818  0.1198355  0.1252800  0.1083343  0.0346266  
0.0377225  0.0027973  0.3054633  0.2014818  0.1198355  0.1252800  0.1083343  0.0346266  
0.0377225  0.0027973  0.3054633  0.2014818  0.1198355  0.1252800  0.1083343  0.0346266  
0.0377225  0.0027973  0.3054633  0.2014818  0.1198355  0.1252800  0.1083343  0.0346266  

0.0377225  0.0027973  0.3054633  0.2014818  0.1198355  0.1252800  0.1083343  0.0346266  
0.0377225  0.0027973  0.3054633  0.2014818  0.1198355  0.1252800  0.1083343  0.0346266  
0.0377225  0.0027973  0.3054633  0.2014818  0.1198355  0.1252800  0.1083343  0.0346266  
0.2094910  0.1841394  0.3721481  0.3930538  0.4125650  0.3680550  0.2491470  0.1800436  
1.3088382  1.0310349  0.1880147  0.8264879  1.3637011  1.3907659  0.9587193  1.2377973  
2.1641588  1.8583604  0.0000000  0.7589713  2.2487810  2.2771761  1.0620029  2.1105437  
2.5509498  1.9194564  0.0000000  0.4683455  2.5685670  2.4511456  0.6333374  2.2341151  
2.0782011  1.5863745  0.0000000  0.0415097  1.8961278  1.6323947  0.8684336  1.8037529  
1.4313853  1.2745486  0.0000000  0.0000000  1.1967144  0.8586427  1.0079807  1.3204809  
1.2379481  1.0376793  0.0000000  0.0000000  0.9425273  0.6706485  0.9522780  1.0866020  
1.1994685  0.9974757  0.0000000  0.0000000  0.8139158  0.6325806  1.1030331  1.0994540  
1.4541136  1.2082400  0.0000000  0.0000000  1.0045221  0.7955873  1.3017106  1.4031101  
1.8468236  1.5316418  0.0000000  0.0000000  1.3817536  1.0676820  1.4485859  1.8350214  
2.2920926  1.9349148  0.0000000  0.0290712  1.9250226  1.4898740  1.5416745  2.3035893  
2.7014182  2.4554007  0.0000000  0.4261092  2.7391353  2.1774063  1.5425324  2.6438456  
2.8551149  2.5258009  0.0000000  0.8332276  3.2370439  2.6785862  1.0752944  2.7021251  
2.5146723  2.0383461  0.0632921  1.1685681  3.2699225  2.7997336  0.2017801  2.0721159  
1.5764288  1.0659510  0.5041890  1.0548689  2.2436707  2.1593032  0.0000000  1.0875843  
0.7501291  0.2099414  0.4660268  0.7097460  1.0385953  1.2058320  0.0000000  0.3902071  
0.1893515  0.0000000  0.3561838  0.3293130  0.3147321  0.3791287  0.0000000  0.0630307  
0.0377225  0.0027973  0.3054633  0.2014818  0.1198355  0.1252800  0.1083343  0.0346266  
0.0377225  0.0027973  0.3054633  0.2014818  0.1198355  0.1252800  0.1083343  0.0346266  
0.0377225  0.0027973  0.3054633  0.2014818  0.1198355  0.1252800  0.1083343  0.0346266  
0.0377225  0.0027973  0.3054633  0.2014818  0.1198355  0.1252800  0.1083343  0.0346266  
0.0377225  0.0027973  0.3054633  0.2014818  0.1198355  0.1252800  0.1083343  0.0346266  
0.0377225  0.0027973  0.3054633  0.2014818  0.1198355  0.1252800  0.1083343  0.0346266  
0.0377225  0.0027973  0.3054633  0.2014818  0.1198355  0.1252800  0.1083343  0.0346266  
0.0377225  0.0027973  0.3054633  0.2014818  0.1198355  0.1252800  0.1083343  0.0346266  

0.0377225  0.0027973  0.3054633  0.2014818  0.1198355  0.1252800  0.1083343  0.0346266  
0.0377225  0.0027973  0.3054633  0.2014818  0.1198355  0.1252800  0.1083343  0.0346266  
0.0377225  0.0027973  0.3054633  0.2014818  0.1198355  0.1252800  0.1083343  0.0346266  
0.0695851  0.0583445  0.3265674  0.2636368  0.2163014  0.2027718  0.1382148  0.0491607  
0.7095969  0.5899482  0.4895201  0.7696807  1.0071391  0.9223968  0.5837752  0.6497996  
1.7586055  1.4442475  0.4048233  0.9536690  1.8841296  1.9467918  0.8728007  1.6636616  
2.6455989  1.9762174  0.0000000  0.9092927  2.7062905  2.7728672  0.8607762  2.4531090  
2.9434006  2.2519822  0.0000000  0.5734335  2.8837042  2.6012316  1.0376147  2.7278724  
2.6797769  2.1889164  0.0000000  0.2405345  2.5147357  2.1031523  1.1020627  2.5706506  
2.4958246  2.0487216  0.0000000  0.1301933  2.2560115  1.8351318  1.1856699  2.4317517  
2.4490061  2.0827963  0.0000000  0.1016668  2.1780930  1.7165575  1.3735589  2.4474506  
2.6112676  2.2720835  0.0000000  0.2497920  2.4560697  1.9584121  1.4266796  2.5952721  
2.8385360  2.4796236  0.0000000  0.5045362  2.8863199  2.3772218  1.3543079  2.7381690  
3.0074933  2.5793014  0.0000000  0.8221807  3.2991912  2.8036277  1.1648033  2.7833033  
2.9063213  2.3642571  0.0000000  1.1135495  3.4340522  2.9646928  0.6982805  2.5835879  
2.3472893  1.8400807  0.4005617  1.3033007  3.1834068  2.8096757  0.0000000  1.8726909  
1.5164076  1.0039675  0.6922489  1.1739334  2.2204463  2.2050261  0.0000000  1.0418832  
0.7561682  0.2369652  0.5906252  0.7481389  1.0697181  1.2662499  0.0000000  0.4119167  
0.2608579  0.0000000  0.3620004  0.3828441  0.4103852  0.4900365  0.0000000  0.0967048  
0.0377225  0.0027973  0.3054633  0.2014818  0.1198355  0.1252800  0.1083343  0.0346266  
0.0377225  0.0027973  0.3054633  0.2014818  0.1198355  0.1252800  0.1083343  0.0346266  
0.0377225  0.0027973  0.3054633  0.2014818  0.1198355  0.1252800  0.1083343  0.0346266  
0.0377225  0.0027973  0.3054633  0.2014818  0.1198355  0.1252800  0.1083343  0.0346266  
0.0377225  0.0027973  0.3054633  0.2014818  0.1198355  0.1252800  0.1083343  0.0346266  
0.0377225  0.0027973  0.3054633  0.2014818  0.1198355  0.1252800  0.1083343  0.0346266  
0.0377225  0.0027973  0.3054633  0.2014818  0.1198355  0.1252800  0.1083343  0.0346266  
0.0377225  0.0027973  0.3054633  0.2014818  0.1198355  0.1252800  0.1083343  0.0346266  
0.0377225  0.0027973  0.3054633  0.2014818  0.1198355  0.1252800  0.1083343  0.0346266  

0.0377225  0.0027973  0.3054633  0.2014818  0.1198355  0.1252800  0.1083343  0.0346266  
0.0377225  0.0027973  0.3054633  0.2014818  0.1198355  0.1252800  0.1083343  0.0346266  
0.0377225  0.0027973  0.3054633  0.2014818  0.1198355  0.1252800  0.1083343  0.0346266  
0.0377225  0.0027973  0.3054633  0.2014818  0.1198355  0.1252800  0.1083343  0.0346266  
0.2187683  0.2579265  0.4012614  0.4811511  0.5515353  0.4759723  0.2677352  0.1515607  
0.9478105  0.7574691  0.7112690  0.9230170  1.2646317  1.2359352  0.5374265  0.8681296  
1.9428636  1.4875095  0.6723355  1.2237691  2.2952399  2.3413031  0.6344265  1.7107050  
2.5896645  2.0167947  0.2944416  1.3317485  3.0939062  3.0474453  0.6077214  2.3164055  
3.0696602  2.3253267  0.0000000  1.1565658  3.3458319  3.2199540  0.7493979  2.6755624  
2.9838614  2.3413413  0.0000000  1.0392095  3.3374276  3.0766881  0.8489103  2.6881914  
2.9896646  2.3585186  0.0000000  1.0622236  3.3926067  2.9734144  0.7496390  2.6146543  
2.8555033  2.2617724  0.0000000  1.1966197  3.3243933  3.0328610  0.6705201  2.5158119  
2.6464236  2.0703125  0.2568678  1.3191872  3.3040819  2.9827883  0.3913997  2.3096008  
2.3464043  1.7550974  0.6597215  1.4463840  3.1264460  2.8430250  0.0000000  1.9166369  
1.7463917  1.3125620  0.9687816  1.4396243  2.6408186  2.5669670  0.0000000  1.3153911  
1.1679314  0.7018805  0.8564384  1.1325161  1.8172140  1.9613345  0.0000000  0.7461529  
0.6616030  0.1636086  0.5803746  0.7181962  0.9554570  1.1550994  0.0000000  0.3129961  
0.2373335  0.0000000  0.3930563  0.3699519  0.3750664  0.4609452  0.0000000  0.0834309  
0.0650430  0.0000000  0.3146021  0.2245145  0.1549520  0.1710185  0.0856000  0.0397444  
0.0377225  0.0027973  0.3054633  0.2014818  0.1198355  0.1252800  0.1083343  0.0346266  
0.0377225  0.0027973  0.3054633  0.2014818  0.1198355  0.1252800  0.1083343  0.0346266  
0.0377225  0.0027973  0.3054633  0.2014818  0.1198355  0.1252800  0.1083343  0.0346266  
0.0377225  0.0027973  0.3054633  0.2014818  0.1198355  0.1252800  0.1083343  0.0346266  
0.0377225  0.0027973  0.3054633  0.2014818  0.1198355  0.1252800  0.1083343  0.0346266  
0.0377225  0.0027973  0.3054633  0.2014818  0.1198355  0.1252800  0.1083343  0.0346266  
0.0377225  0.0027973  0.3054633  0.2014818  0.1198355  0.1252800  0.1083343  0.0346266  
0.0377225  0.0027973  0.3054633  0.2014818  0.1198355  0.1252800  0.1083343  0.0346266  
0.0377225  0.0027973  0.3054633  0.2014818  0.1198355  0.1252800  0.1083343  0.0346266  

0.0377225  0.0027973  0.3054633  0.2014818  0.1198355  0.1252800  0.1083343  0.0346266  
0.0377225  0.0027973  0.3054633  0.2014818  0.1198355  0.1252800  0.1083343  0.0346266  
0.0377225  0.0027973  0.3054633  0.2014818  0.1198355  0.1252800  0.1083343  0.0346266  
0.0377225  0.0027973  0.3054633  0.2014818  0.1198355  0.1252800  0.1083343  0.0346266  
0.0540423  0.0312483  0.3162727  0.2333173  0.1692449  0.1649709  0.1236390  0.0420709  
0.2637323  0.3140508  0.4464725  0.5469412  0.6515090  0.5736276  0.2738915  0.1762003  
0.8557393  0.6939570  0.8083496  0.9449040  1.2709029  1.2586836  0.3718060  0.7254100  
1.3654841  1.0037059  1.1104513  1.2587736  1.9997177  2.0067353  0.1021273  1.0660615  
1.8562107  1.2337682  1.1125071  1.5269947  2.4918935  2.5101624  0.0539207  1.5185907  
1.8060353  1.3694116  1.2048273  1.4819206  2.6175122  2.5581291  0.0000000  1.4780135  
1.8003435  1.2725921  1.0578582  1.5310869  2.6153622  2.6174765  0.0000000  1.4127088  
1.6528389  1.1462048  1.0688577  1.4500377  2.3973904  2.4212632  0.0000000  1.2724273  
1.3665212  0.9962111  1.0332261  1.3187618  2.1926122  2.2292676  0.0000000  0.9471753  
1.0837932  0.6503773  0.8537899  1.1764835  1.7743907  1.9175045  0.0000000  0.6250598  
0.7166564  0.2597047  0.7286034  0.8328443  1.0974165  1.3077043  0.0000000  0.3353291  
0.4053387  0.0278906  0.5138041  0.5121708  0.5868601  0.7468222  0.0000000  0.1502798  
0.1497367  0.0000000  0.3429325  0.2959157  0.2638131  0.3128079  0.0151236  0.0556098  
0.0377225  0.0027973  0.3054633  0.2014818  0.1198355  0.1252800  0.1083343  0.0346266  
0.0377225  0.0027973  0.3054633  0.2014818  0.1198355  0.1252800  0.1083343  0.0346266  
0.0377225  0.0027973  0.3054633  0.2014818  0.1198355  0.1252800  0.1083343  0.0346266  
0.0377225  0.0027973  0.3054633  0.2014818  0.1198355  0.1252800  0.1083343  0.0346266  
0.0377225  0.0027973  0.3054633  0.2014818  0.1198355  0.1252800  0.1083343  0.0346266  
0.0377225  0.0027973  0.3054633  0.2014818  0.1198355  0.1252800  0.1083343  0.0346266  
0.0377225  0.0027973  0.3054633  0.2014818  0.1198355  0.1252800  0.1083343  0.0346266  
0.0377225  0.0027973  0.3054633  0.2014818  0.1198355  0.1252800  0.1083343  0.0346266  
0.0377225  0.0027973  0.3054633  0.2014818  0.1198355  0.1252800  0.1083343  0.0346266  
0.0377225  0.0027973  0.3054633  0.2014818  0.1198355  0.1252800  0.1083343  0.0346266  
0.0377225  0.0027973  0.3054633  0.2014818  0.1198355  0.1252800  0.1083343  0.0346266  

0.0377225  0.0027973  0.3054633  0.2014818  0.1198355  0.1252800  0.1083343  0.0346266  
0.0377225  0.0027973  0.3054633  0.2014818  0.1198355  0.1252800  0.1083343  0.0346266  
0.0377225  0.0027973  0.3054633  0.2014818  0.1198355  0.1252800  0.1083343  0.0346266  
0.0377225  0.0027973  0.3054633  0.2014818  0.1198355  0.1252800  0.1083343  0.0346266  
0.0377225  0.0027973  0.3054633  0.2014818  0.1198355  0.1252800  0.1083343  0.0346266  
0.0532652  0.0298935  0.3157580  0.2318013  0.1668920  0.1630809  0.1229102  0.0417164  
0.1770975  0.2218285  0.4113788  0.4491518  0.5020859  0.4490414  0.2042725  0.1036928  
0.3486980  0.3131416  0.6051664  0.5950491  0.7138801  0.7460706  0.0891208  0.2105864  
0.6069156  0.4292803  0.7175286  0.9005423  1.1838814  1.2384421  0.0145478  0.2802662  
0.6555305  0.3919061  0.8190928  0.8718979  1.1285154  1.2791201  0.0000000  0.3304434  
0.6890099  0.2883745  0.7398244  0.8821373  1.1499609  1.3172891  0.0000000  0.2857477  
0.5549682  0.2877230  0.6741645  0.7689455  0.9790096  1.0913963  0.0000000  0.2492262  
0.4413854  0.1407059  0.6078902  0.5776398  0.6827295  0.8358631  0.0000000  0.2047600  
0.2880476  0.0062886  0.4308427  0.4128942  0.4389125  0.5473356  0.0000000  0.1043430  
0.0923636  0.0000000  0.3237409  0.2475471  0.1900685  0.2167570  0.0628657  0.0448623  
0.0377225  0.0027973  0.3054633  0.2014818  0.1198355  0.1252800  0.1083343  0.0346266  
0.0377225  0.0027973  0.3054633  0.2014818  0.1198355  0.1252800  0.1083343  0.0346266  
0.0377225  0.0027973  0.3054633  0.2014818  0.1198355  0.1252800  0.1083343  0.0346266  
0.0377225  0.0027973  0.3054633  0.2014818  0.1198355  0.1252800  0.1083343  0.0346266  
0.0377225  0.0027973  0.3054633  0.2014818  0.1198355  0.1252800  0.1083343  0.0346266  
0.0377225  0.0027973  0.3054633  0.2014818  0.1198355  0.1252800  0.1083343  0.0346266  
0.0377225  0.0027973  0.3054633  0.2014818  0.1198355  0.1252800  0.1083343  0.0346266  
0.0377225  0.0027973  0.3054633  0.2014818  0.1198355  0.1252800  0.1083343  0.0346266  
0.0377225  0.0027973  0.3054633  0.2014818  0.1198355  0.1252800  0.1083343  0.0346266  
0.0377225  0.0027973  0.3054633  0.2014818  0.1198355  0.1252800  0.1083343  0.0346266  
0.0377225  0.0027973  0.3054633  0.2014818  0.1198355  0.1252800  0.1083343  0.0346266  
0.0377225  0.0027973  0.3054633  0.2014818  0.1198355  0.1252800  0.1083343  0.0346266  
0.0377225  0.0027973  0.3054633  0.2014818  0.1198355  0.1252800  0.1083343  0.0346266  

0.0377225  0.0027973  0.3054633  0.2014818  0.1198355  0.1252800  0.1083343  0.0346266  
0.0377225  0.0027973  0.3054633  0.2014818  0.1198355  0.1252800  0.1083343  0.0346266  
0.0377225  0.0027973  0.3054633  0.2014818  0.1198355  0.1252800  0.1083343  0.0346266  
0.0377225  0.0027973  0.3054633  0.2014818  0.1198355  0.1252800  0.1083343  0.0346266  
0.0377225  0.0027973  0.3054633  0.2014818  0.1198355  0.1252800  0.1083343  0.0346266  
0.0377225  0.0027973  0.3054633  0.2014818  0.1198355  0.1252800  0.1083343  0.0346266  
0.0377225  0.0027973  0.3054633  0.2014818  0.1198355  0.1252800  0.1083343  0.0346266  
0.0377225  0.0027973  0.3054633  0.2014818  0.1198355  0.1252800  0.1083343  0.0346266  
0.0377225  0.0027973  0.3054633  0.2014818  0.1198355  0.1252800  0.1083343  0.0346266  
0.0377225  0.0027973  0.3054633  0.2014818  0.1198355  0.1252800  0.1083343  0.0346266  
0.0377225  0.0027973  0.3054633  0.2014818  0.1198355  0.1252800  0.1083343  0.0346266  
0.0377225  0.0027973  0.3054633  0.2014818  0.1198355  0.1252800  0.1083343  0.0346266  
0.0377225  0.0027973  0.3054633  0.2014818  0.1198355  0.1252800  0.1083343  0.0346266  
0.0377225  0.0027973  0.3054633  0.2014818  0.1198355  0.1252800  0.1083343  0.0346266  
0.0377225  0.0027973  0.3054633  0.2014818  0.1198355  0.1252800  0.1083343  0.0346266  
0.0377225  0.0027973  0.3054633  0.2014818  0.1198355  0.1252800  0.1083343  0.0346266  
0.0377225  0.0027973  0.3054633  0.2014818  0.1198355  0.1252800  0.1083343  0.0346266  
0.0377225  0.0027973  0.3054633  0.2014818  0.1198355  0.1252800  0.1083343  0.0346266  
0.0377225  0.0027973  0.3054633  0.2014818  0.1198355  0.1252800  0.1083343  0.0346266  
0.0377225  0.0027973  0.3054633  0.2014818  0.1198355  0.1252800  0.1083343  0.0346266  
0.0377225  0.0027973  0.3054633  0.2014818  0.1198355  0.1252800  0.1083343  0.0346266  
0.0377225  0.0027973  0.3054633  0.2014818  0.1198355  0.1252800  0.1083343  0.0346266  
0.0377225  0.0027973  0.3054633  0.2014818  0.1198355  0.1252800  0.1083343  0.0346266  
0.0377225  0.0027973  0.3054633  0.2014818  0.1198355  0.1252800  0.1083343  0.0346266  
0.0377225  0.0027973  0.3054633  0.2014818  0.1198355  0.1252800  0.1083343  0.0346266  
0.0377225  0.0027973  0.3054633  0.2014818  0.1198355  0.1252800  0.1083343  0.0346266  
0.0377225  0.0027973  0.3054633  0.2014818  0.1198355  0.1252800  0.1083343  0.0346266  
0.0377225  0.0027973  0.3054633  0.2014818  0.1198355  0.1252800  0.1083343  0.0346266  

0.0377225  0.0027973  0.3054633  0.2014818  0.1198355  0.1252800  0.1083343  0.0346266  
0.0377225  0.0027973  0.3054633  0.2014818  0.1198355  0.1252800  0.1083343  0.0346266  
0.0377225  0.0027973  0.3054633  0.2014818  0.1198355  0.1252800  0.1083343  0.0346266  
0.0377225  0.0027973  0.3054633  0.2014818  0.1198355  0.1252800  0.1083343  0.0346266  
0.0377225  0.0027973  0.3054633  0.2014818  0.1198355  0.1252800  0.1083343  0.0346266  
0.0377225  0.0027973  0.3054633  0.2014818  0.1198355  0.1252800  0.1083343  0.0346266  
0.0377225  0.0027973  0.3054633  0.2014818  0.1198355  0.1252800  0.1083343  0.0346266  
0.0377225  0.0027973  0.3054633  0.2014818  0.1198355  0.1252800  0.1083343  0.0346266  
0.0377225  0.0027973  0.3054633  0.2014818  0.1198355  0.1252800  0.1083343  0.0346266  
0.0377225  0.0027973  0.3054633  0.2014818  0.1198355  0.1252800  0.1083343  0.0346266  
0.0377225  0.0027973  0.3054633  0.2014818  0.1198355  0.1252800  0.1083343  0.0346266  
0.0377225  0.0027973  0.3054633  0.2014818  0.1198355  0.1252800  0.1083343  0.0346266  
0.0377225  0.0027973  0.3054633  0.2014818  0.1198355  0.1252800  0.1083343  0.0346266  
0.0377225  0.0027973  0.3054633  0.2014818  0.1198355  0.1252800  0.1083343  0.0346266  
0.0377225  0.0027973  0.3054633  0.2014818  0.1198355  0.1252800  0.1083343  0.0346266  
0.0377225  0.0027973  0.3054633  0.2014818  0.1198355  0.1252800  0.1083343  0.0346266  
0.0377225  0.0027973  0.3054633  0.2014818  0.1198355  0.1252800  0.1083343  0.0346266  
0.0377225  0.0027973  0.3054633  0.2014818  0.1198355  0.1252800  0.1083343  0.0346266  
0.0377225  0.0027973  0.3054633  0.2014818  0.1198355  0.1252800  0.1083343  0.0346266  
0.0377225  0.0027973  0.3054633  0.2014818  0.1198355  0.1252800  0.1083343  0.0346266  
0.0377225  0.0027973  0.3054633  0.2014818  0.1198355  0.1252800  0.1083343  0.0346266  
0.0377225  0.0027973  0.3054633  0.2014818  0.1198355  0.1252800  0.1083343  0.0346266  
0.0377225  0.0027973  0.3054633  0.2014818  0.1198355  0.1252800  0.1083343  0.0346266  
0.0377225  0.0027973  0.3054633  0.2014818  0.1198355  0.1252800  0.1083343  0.0346266  
0.0377225  0.0027973  0.3054633  0.2014818  0.1198355  0.1252800  0.1083343  0.0346266  
0.0377225  0.0027973  0.3054633  0.2014818  0.1198355  0.1252800  0.1083343  0.0346266  
0.0377225  0.0027973  0.3054633  0.2014818  0.1198355  0.1252800  0.1083343  0.0346266  
0.0377225  0.0027973  0.3054633  0.2014818  0.1198355  0.1252800  0.1083343  0.0346266  

