0.183627054095  -0.292262345552  -0.014055776410  -0.158416017890  0.126843199134  0.214948698878  0.232753440738  -0.209033742547  0.088431648910  -0.266184717417  
-0.061957608908  -0.000616671983  -0.140351846814  -0.045300189406  0.081198230386  0.101813301444  0.111988574266  -0.049056485295  0.016930175945  0.166739508510  
-0.330659389496  0.141498312354  0.226676285267  0.208900123835  -0.441452652216  -0.266345411539  -0.260830461979  -0.038417864591  0.227183163166  -0.269510567188  
0.131750881672  -0.234144553542  0.066784948111  0.124054521322  -0.486676961184  0.045187015086  -0.351752489805  0.120064914227  -0.205380141735  -0.019484890625  
-0.180483043194  0.052983362228  -0.408229351044  -0.177121892571  0.074091419578  -0.373955130577  -0.261235177517  -0.132851213217  0.138635262847  0.191922038794  
-0.152037799358  0.167170047760  0.159674972296  0.124414332211  -0.157616198063  -0.240946486592  0.109546951950  0.031653370708  0.043219454587  -0.440350383520  
0.047632463276  -0.005621624645  -0.091582432389  0.066053278744  0.116581186652  0.181719079614  0.050647269934  0.040354046971  -0.053432390094  0.116640105844  
-0.016173712909  -0.067305572331  0.019753655419  0.066450454295  0.173925474286  0.054822668433  0.004163783509  -0.016751121730  0.067610047758  -0.012532392517  
-0.397545814514  -0.256051570177  0.024970294908  0.095832310617  -0.376756519079  0.085904806852  -0.643701374531  0.097920261323  -0.170476347208  0.065164275467  
-0.468395531178  -0.196825042367  0.118212342262  0.179949969053  -0.347187966108  0.167079254985  -0.419107705355  0.055180020630  0.092034146190  -0.075081303716  
-0.142829939723  0.220689371228  0.202079162002  -0.169036909938  -0.370258450508  -0.305877923965  -0.112819544971  0.147198870778  -0.234144642949  -0.350473910570  
-0.382198393345  0.204869419336  -0.190628737211  -0.133966535330  0.271762996912  0.234920188785  0.217738166451  -0.151834219694  0.038714598864  0.150746136904  
-0.200179114938  -0.246459305286  0.148267522454  -0.347292125225  0.213167548180  -0.346266269684  0.139871075749  -0.130517199636  -0.254008471966  0.095983132720  
0.232726752758  -0.122808493674  0.162541046739  -0.109812259674  -0.051278822124  -0.098202541471  0.228000506759  -0.328416526318  -0.333396136761  -0.133922010660  
0.113164111972  0.074650995433  0.097446449101  -0.098710507154  0.186834678054  -0.022791055962  -0.010513611138  -0.044791087508  -0.042239494622  0.022046778351  
0.160579130054  -0.176136344671  0.107420384884  0.020039115101  -0.048123281449  -0.039902366698  -0.067324645817  0.027628662065  -0.079612761736  0.131087034941  
0.166764348745  -0.393003016710  0.126408204436  -0.169486388564  0.101078942418  -0.174311548471  0.164860084653  -0.106495186687  -0.045128241181  0.046259593219  
-0.167098060250  -0.057008937001  0.052239764482  -0.028884079307  -0.193291947246  -0.003456373466  -0.179268985987  0.079268567264  -0.028579303995  0.186247229576  
0.269873619080  0.207405060530  -0.165300995111  -0.221357285976  -0.255189657211  -0.097061328590  -0.239006936550  0.185471475124  0.225681677461  -0.122570037842  
-0.406240493059  -0.213740646839  -0.029096689075  -0.277481019497  0.318960607052  -0.218678534031  -0.310212075710  -0.135090187192  -0.212437391281  0.210492879152  
0.176461011171  0.203363269567  -0.169161170721  -0.313656777143  -0.236241385341  0.074822530150  -0.285661816597  0.213790327311  0.064645543694  -0.087188318372  
-0.208884805441  -0.251504868269  0.147254511714  0.099220618606  0.167835772038  -0.209270283580  -0.393688768148  0.173137053847  0.171735078096  0.182348906994  
-0.378424614668  0.239564150572  0.235389307141  -0.176727160811  -0.240484803915  -0.039845008403  -0.125171527267  -0.091844342649  -0.142248556018  -0.428043961525  
-0.292284309864  0.097217343748  0.037007685751  0.185719847679  -0.176420077682  0.149162709713  0.156770303845  -0.491745084524  0.125833556056  -0.204964637756  
-0.221464321017  -0.523490607738  -0.058463271707  0.060043577105  -0.272142201662  0.174672067165  -0.055205497891  -0.443648815155  0.135096013546  0.109775312245  
0.144987180829  0.064810104668  -0.020312171429  -0.396669209003  0.059390768409  0.073109351099  0.166891977191  -0.537599921227  0.123823538423  -0.297428876162  
-0.210189208388  0.144103378057  -0.297334194183  -0.161532059312  0.168821707368  -0.221635207534  0.187921881676  0.215559512377  -0.296594858170  0.175947546959  
0.090862832963  -0.269015610218  0.052555583417  0.093819335103  -0.096791729331  0.075396090746  -0.261845558882  -0.305289506912  0.073685213923  0.049481559545  
-0.046432994306  -0.033531077206  0.093817375600  -0.062802508473  0.048883516341  -0.093527391553  0.065995924175  -0.023665109649  0.049103222787  -0.075263492763  
-0.079281434417  0.005540280137  -0.064279794693  0.092139400542  -0.024663863704  0.033757202327  0.035591673106  0.034581817687  0.067343056202  0.091112688184  
0.075020678341  -0.348449975252  -0.106586240232  0.045995689929  -0.399777770042  0.020780460909  -0.406195521355  0.083527944982  -0.117482766509  0.058478593826  
-0.376697748899  0.163795679808  -0.232838302851  -0.087941728532  0.216753140092  -0.344764351845  -0.354636222124  0.202875688672  -0.212373778224  0.179021298885  
