[[ 0.5149894   0.18147129  1.2266793   1.1671321   0.5149894   0.18147129
   1.2266793   1.1671321   2.1167862   1.0208974   0.83394814  1.0680859
   4.517255    5.448187    0.65907776  0.7568963   4.289431    6.1148133
   0.65907776  0.7568963   1.1069622   2.2030892   0.6938307   1.1168385
   0.5149894   0.18147129  1.2266793   1.1671321   0.5149894   0.18147129
   1.2266793   1.1671321   1.8524407   1.0642511   1.2266793   1.1671321
   7.751089   11.028873    0.          0.         10.227587   12.196836
   0.          8.505158   12.9698305  10.91101     0.          8.649958
   8.470749    6.7482247   0.          2.269955    0.5707309   0.2822095
   1.2266793   1.1671321   0.5149894   0.18147129  1.2266793   1.1671321
   1.0401831   1.3696975   2.8264723   3.2644114   8.479159    8.571251
   4.912321    9.830424   14.326088   15.816753    5.6286597  11.623937
  13.875008   16.09999     1.9573987   7.541087   10.776204    9.629328
   2.3823628   5.3715944   0.90490407  0.32183018  1.5041988   1.3850667
   1.0577977   0.36196226  1.2266793   1.1671321   1.5924212   1.6408013
   2.1206052   1.9445105   7.738949    9.083475    3.7498083   7.5702543
  14.002795   14.223853    3.581214   10.669895   14.046555   13.592969
   4.822044    9.572252    9.157408    4.667381    4.739108    7.0823283
   0.7231317   0.37211195  1.4723773   1.1948004   3.4890711   3.613488
   0.5559707   0.8173961   6.827466    7.8777575   0.          0.
   5.634411    4.4465127   8.185728    8.440017   12.070756   13.402932
   9.896413   10.889211   13.409269   13.81825     1.7857652   3.6573527
   3.9655318   1.801131    1.4748435   2.995457    0.5149894   0.18147129
   1.2266793   1.1671321   2.688683    3.9186692   4.0041785   5.6945343
  12.809581   11.399534    3.7802167   7.1783285  11.803112   11.077949
   0.          7.9933968   9.420866   11.5265      6.6087227  12.580178
   9.36719     8.400089    8.404959    9.72421     3.722463    1.5085078
   2.9973845   2.6768625   0.5149894   0.18147129  1.2266793   1.1671321
   0.55257374  0.882802    4.1919656   4.2475863   5.335523    6.6943984
  11.213406   11.076212    8.700448    7.7654376  12.808877   12.804776
   8.596522    6.2916336  13.156463   12.023862    6.061243    4.2230353
   7.3223796   4.336396    0.78801876  0.4332008   1.5530477   1.203449
   0.5149894   0.18147129  1.2266793   1.1671321 ]]