    0     0     0     0     0     0     0     0     0     0     0     0     0     0     0     0     0     0     0     0     0     0     0     0     0     0     0     0 
    0     0     0     0     0     0     0     0     0     0     0     0     0     0     0     0     0     0     0     0     0     0     0     0     0     0     0     0 
    0     0     0     0     0     0     0     0     0     0     0     0     0     0     0     0     0     0     0     0     0     0     0     0     0     0     0     0 
    0     0     0     0     0     0     0     0     0     0     0     0     0     0     6    27    28     1     0     0     0     0     0     0     0     0     0     0 
    0     0     0     0     0     0     0     0     0     0     0     8    69   152   229   249   249   191    70     1     0     0     0     0     0     0     0     0 
    0     0     0     0     0     0     0     0     0     0    76   212   253   254   253   252   252   254   250   118     0     0     0     0     0     0     0     0 
    0     0     0     0     0     0     0     0     0    11   241   254   246   179    85    34    60   187   253   237    12     0     0     0     0     0     0     0 
    0     0     0     0     0     0     0     0     0     6   199   229    93     0     0     0     0    25   247   253    52     0     0     0     0     0     0     0 
    0     0     0     0     0     0     0     0     0     0     2     3     0     0     0     0     0    44   253   247    25     0     0     0     0     0     0     0 
    0     0     0     0     0     0     0     0     0     0     0     0     0     0     0     0     2   138   253   235     9     0     0     0     0     0     0     0 
    0     0     0     0     0     0     0     0     0     0     0     0     0     0     0     3   113   252   253   122     0     0     0     0     0     0     0     0 
    0     0     0     0     0     0     0     0     0     0     0     0     0     0    34   158   252   253   163     7     0     0     0     0     0     0     0     0 
    0     0     0     0     0     0     0     0     0     0     0     2    52   155   244   254   252   162    13     0     0     0     0     0     0     0     0     0 
    0     0     0     0     0     0     0     0     0     0     0   134   251   254   254   251   176    24     0     0     0     0     0     0     0     0     0     0 
    0     0     0     0     0     0     0     0     0     0     0   186   254   253   253   253   253   229    86     1     0     0     0     0     0     0     0     0 
    0     0     0     0     0     0     0     0     0     0     0    22    69    75    77   133   220   253   250    82     0     0     0     0     0     0     0     0 
    0     0     0     0     0     0     0     0     0     0     0     0     0     0     0     0    14   183   254   214     9     0     0     0     0     0     0     0 
    0     0     0     0     0     0     0     0     0     0     0     0     0     0     0     0     0    36   248   252    40     0     0     0     0     0     0     0 
    0     0     0     0     0     0     0     0     0     0     0     0     0     0     0     0     0    32   248   250    42     0     0     0     0     0     0     0 
    0     0     0     0     0     0     0    32    34     0     0     0     0     0     0     0     0    95   253   224     5     0     0     0     0     0     0     0 
    0     0     0     0     0     0     9   231   239    96     1     0     0     0     0     0    82   239   254   155     0     0     0     0     0     0     0     0 
    0     0     0     0     0     0     5   194   253   251   150    62    19    20    46   165   249   253   201    24     0     0     0     0     0     0     0     0 
    0     0     0     0     0     0     0     9   151   253   254   253   246   246   253   254   249   157    13     0     0     0     0     0     0     0     0     0 
    0     0     0     0     0     0     0     0     3   114   192   246   252   249   242   219    71     0     0     0     0     0     0     0     0     0     0     0 
    0     0     0     0     0     0     0     0     0     0     0    21    36    30    11     0     0     0     0     0     0     0     0     0     0     0     0     0 
    0     0     0     0     0     0     0     0     0     0     0     0     0     0     0     0     0     0     0     0     0     0     0     0     0     0     0     0 
    0     0     0     0     0     0     0     0     0     0     0     0     0     0     0     0     0     0     0     0     0     0     0     0     0     0     0     0 
    0     0     0     0     0     0     0     0     0     0     0     0     0     0     0     0     0     0     0     0     0     0     0     0     0     0     0     0