[[[[0.03772245 0.00279735 0.30546328 ... 0.12528004 0.10833433
    0.03462659]
   [0.03772245 0.00279735 0.30546328 ... 0.12528004 0.10833433
    0.03462659]
   [0.03772245 0.00279735 0.30546328 ... 0.12528004 0.10833433
    0.03462659]
   ...
   [0.03772245 0.00279735 0.30546328 ... 0.12528004 0.10833433
    0.03462659]
   [0.03772245 0.00279735 0.30546328 ... 0.12528004 0.10833433
    0.03462659]
   [0.03772245 0.00279735 0.30546328 ... 0.12528004 0.10833433
    0.03462659]]

  [[0.03772245 0.00279735 0.30546328 ... 0.12528004 0.10833433
    0.03462659]
   [0.03772245 0.00279735 0.30546328 ... 0.12528004 0.10833433
    0.03462659]
   [0.03772245 0.00279735 0.30546328 ... 0.12528004 0.10833433
    0.03462659]
   ...
   [0.03772245 0.00279735 0.30546328 ... 0.12528004 0.10833433
    0.03462659]
   [0.03772245 0.00279735 0.30546328 ... 0.12528004 0.10833433
    0.03462659]
   [0.03772245 0.00279735 0.30546328 ... 0.12528004 0.10833433
    0.03462659]]

  [[0.03772245 0.00279735 0.30546328 ... 0.12528004 0.10833433
    0.03462659]
   [0.03772245 0.00279735 0.30546328 ... 0.12528004 0.10833433
    0.03462659]
   [0.03772245 0.00279735 0.30546328 ... 0.12528004 0.10833433
    0.03462659]
   ...
   [0.03772245 0.00279735 0.30546328 ... 0.12528004 0.10833433
    0.03462659]
   [0.03772245 0.00279735 0.30546328 ... 0.12528004 0.10833433
    0.03462659]
   [0.03772245 0.00279735 0.30546328 ... 0.12528004 0.10833433
    0.03462659]]

  ...

  [[0.03772245 0.00279735 0.30546328 ... 0.12528004 0.10833433
    0.03462659]
   [0.06958506 0.05834452 0.32656738 ... 0.20277178 0.13821483
    0.04916065]
   [1.7586055  1.4442475  0.711269   ... 1.9467918  0.8728007
    1.6636616 ]
   ...
   [0.03772245 0.00279735 0.30546328 ... 0.12528004 0.10833433
    0.03462659]
   [0.03772245 0.00279735 0.30546328 ... 0.12528004 0.10833433
    0.03462659]
   [0.03772245 0.00279735 0.30546328 ... 0.12528004 0.10833433
    0.03462659]]

  [[0.03772245 0.00279735 0.30546328 ... 0.12528004 0.10833433
    0.03462659]
   [0.03772245 0.00279735 0.30546328 ... 0.12528004 0.10833433
    0.03462659]
   [0.2637323  0.3140508  0.44647253 ... 0.5736276  0.27389148
    0.17620026]
   ...
   [0.03772245 0.00279735 0.30546328 ... 0.12528004 0.10833433
    0.03462659]
   [0.03772245 0.00279735 0.30546328 ... 0.12528004 0.10833433
    0.03462659]
   [0.03772245 0.00279735 0.30546328 ... 0.12528004 0.10833433
    0.03462659]]

  [[0.03772245 0.00279735 0.30546328 ... 0.12528004 0.10833433
    0.03462659]
   [0.03772245 0.00279735 0.30546328 ... 0.12528004 0.10833433
    0.03462659]
   [0.03772245 0.00279735 0.30546328 ... 0.12528004 0.10833433
    0.03462659]
   ...
   [0.03772245 0.00279735 0.30546328 ... 0.12528004 0.10833433
    0.03462659]
   [0.03772245 0.00279735 0.30546328 ... 0.12528004 0.10833433
    0.03462659]
   [0.03772245 0.00279735 0.30546328 ... 0.12528004 0.10833433
    0.03462659]]]]